1.0000000000000000e0,0e0,0e0
-1.2247448713915890e0,4.0811388300841897e0,1.8377223398316207e-1
8.1649658092772603e-1,9.1886116991581033e-1,8.1622776601683793e-1
1.3693063937629153e0,7.0328990381473726e0,1.5423678039252684e-2
-1.8257418583505537e0,2.8007750541502566e0,3.4457514218329290e-1
3.6514837167011074e-1,6.6632590770237082e-1,6.4000117977745442e-1
-1.4790199457749040e0,1.0182437613815925e1,9.1014065014776803e-4
2.9580398915498080e0,5.1373875461767116e0,5.7315599552891789e-2
-1.1832159566199232e0,2.1566487632690943e0,4.3060862766817673e-1
1.1268723396380221e-1,5.2352607673826911e-1,5.1116563212878372e-1
1.5687375497513917e0,1.3457678352057580e1,4.3720496840175460e-5
-4.1833001326703777e0,7.7467037795425571e0,6.0632499271298957e-3
2.5099800796022266e0,4.1044653628283150e0,1.1033271191035714e-1
-4.7809144373375746e-1,1.7597536984236964e0,4.6555161203059889e-1
2.6560635762986525e-2,4.3139880714785148e-1,4.1800870563507390e-1
-1.6453058226360229e0,1.6820970077828382e1,1.8318895245082608e-6
5.4843527421200763e0,1.0540469858448344e1,4.8598297306743220e-4
-4.3874821936960610e0,6.3490679256803796e0,1.7300863449618992e-2
1.2535663410560174e0,3.4340079684240713e0,1.6168079428163909e-1
-1.3928514900622416e-1,1.4885342923104525e0,4.7138282273876961e-1
5.0649145093172422e-3,3.6694987730837072e-1,3.4914770466738037e-1
1.7124885948525321e0,2.0249916365870878e1,6.9575876831873967e-8
-6.8499543794101286e0,1.3468535743251481e1,3.2192060974207623e-5
6.8499543794101286e0,8.8040795780567753e0,1.9869562376932428e-3
-2.6095064302514776e0,5.4090315972444334e0,3.3911545043519469e-2
4.3491773837524626e-1,2.9583744586966498e0,2.0549785485210272e-1
-3.1630380972745183e-2,1.2907586229591527e0,4.6166716183338569e-1
8.1103540955756878e-4,3.1930363392063005e-1,2.9690422039644784e-1
-1.7725941001114722e0,2.3730003995934708e1,2.4530321345408097e-9
8.2721058005202037e0,1.6499410797655816e1,1.8532244582470076e-6
-9.9265269606242444e0,1.1417182076545830e1,1.8325396748959754e-4
4.7269176002972593e0,7.6052562992316137e0,5.1256820846894768e-3
-1.0504261333993909e0,4.7241145375277907e0,5.4023954619386445e-2
1.1459194182538810e-1,2.6015248434060294e0,2.4024204721432566e-1
-5.8765098371993899e-3,1.1398738015816137e0,4.4412388238208243e-1
1.1193352070855981e-4,2.8263364811659913e-1,2.5629932405453601e-1
1.8271481765265714e0,2.7251236523027062e1,8.1566548665890901e-11
-9.7447902748083809e0,1.9611902819165948e1,9.5735177932379712e-8
1.3642706384731733e1,1.4154053671278046e1,1.4336471296691242e-5
-7.7958322198467047e0,9.9720091595393480e0,6.1232707227744695e-4
2.1655089499574180e0,6.7139743166150287e0,1.0165013765568040e-2
-3.1498311999380625e-1,4.1993506006572931e0,7.5709847078868682e-2
2.4229470768754327e-2,2.3230960770224661e0,2.6638190989313319e-1
-9.2302745785730770e-4,1.0208442777203897e0,4.2305280272502488e-1
1.3573933203783937e-5,2.5353255497441909e-1,2.2406366717708659e-1
-1.8772163008132714e0,3.0806405917052723e1,2.5864950210507910e-12
1.1263297804879628e1,2.2791002894948946e1,4.5357456103990524e-9
-1.8021276487807405e1,1.6990847293542554e1,9.8591857437905302e-7
1.2014184325204937e1,1.2474832404836205e1,6.1144384869619967e-5
-4.0047281084016456e0,8.8803475979967086e0,1.4987308444561214e-3
7.2813238334575374e-1,6.0199180277014609e0,1.7049558753974314e-2
-7.4680244445718332e-2,3.7828808737072902e0,9.7442427232973978e-2
4.2674425397553333e-3,2.0994104627087982e0,2.8512286460557075e-1
-1.2551301587515686e-4,9.2448154698665736e-1,4.0082667158932749e-1
1.4679884897679165e-6,2.2987298051865622e-1,1.9799761213192125e-1
1.9235743011490395e0,3.4390125899880688e1,7.8854951538827899e-14
-1.2823828674326930e1,2.6025655381891422e1,2.0018260696213391e-10
2.3082891613788474e1,1.9910257642768470e1,6.1091749439769798e-8
-1.7586965039076932e1,1.5089128220021153e1,5.2963217183076198e-6
6.8393752929743626e0,1.1189875716176443e1,1.8306534821380725e-4
-1.4922273366489518e0,8.0191126887820446e0,2.9962030812517749e-3
1.9131119700627588e-1,5.4616447726944182e0,2.5508691377753915e-2
-1.4576091200478162e-2,3.4435372681407951e0,1.1817776915869690e-1
6.4306284707991891e-4,1.9155655747361731e0,2.9781055635734131e-1
-1.5042405779647226e-5,8.4483941642521249e-1,3.7873604461919106e-1
1.4326100742521168e-7,2.1025741848317982e-1,1.7658231244382202e-1
-1.9668060878321963e0,3.7998254641218938e1,2.3255524582780021e-15
1.4423244644102773e1,2.9307458587209688e1,8.3257836255636096e-12
-2.8846489288205546e1,2.2899291018196025e1,3.4725858861824282e-9
2.4725562247033325e1,1.7796665644267492e1,4.0847076901451319e-7
-1.0989138776459256e1,1.3618187712267263e1,1.9229712087345660e-5
2.7972353249169014e0,1.0165224525114884e1,4.3394102954868486e-4
-4.3034389614106175e-1,7.3187575856579176e0,5.2041315941898395e-3
4.0985132965815405e-2,5.0015749990647215e0,3.5168082556252721e-2
-2.4108901744597297e-3,3.1612879981441605e0,1.3728532965835796e-1
8.4592637700341394e-5,1.7616740620956186e0,3.0568547303528770e-1
-1.6112883371493599e-6,7.7789358225852903e-1,3.5746053495988720e-1
1.2737457210666876e-8,1.9372964450476222e-1,1.5874286550270555e-1
2.0073630575785314e0,4.1627531579865932e1,6.6660077298116258e-17
-1.6058904460628251e1,3.2629863500683357e1,3.2921747430055667e-13
3.5329589813382152e1,2.5947919119816557e1,1.8352823191133834e-10
-3.3647228393697288e1,2.0583522072153262e1,2.8591374219556582e-8
1.6823614196848644e1,1.6146884936955455e1,1.7838651673861129e-6
-4.8941423118105146e0,1.2434617774439648e1,5.3746473381904905e-5
8.7843579955573339e-1,9.3243655946475401e0,8.7259564237805132e-4
-1.0039266280636953e-1,6.7361859722852354e0,8.1599415492819892e-3
7.3818134416448184e-3,4.6151784764720217e0,4.5632530036751858e-2
-3.4534799726993302e-4,2.9225979212203511e0,1.5444206663410853e-1
9.8670856362838007e-6,1.6308996559505542e0,3.0980292978606028e-1
-1.5600135393334072e-7,7.2082025894669733e-1,3.3733311263698878e-1
1.0400090262222715e-9,1.7961313656338843e-1,1.4370126460064949e-1
-2.0456019803578022e0,4.5275339075781791e1,1.8641519765905678e-18
1.7728550496434286e1,3.5987656531811210e1,1.2462513462938483e-14
-4.2548521191442286e1,2.9048224956026039e1,9.1128237191498007e-12
4.4574641248177633e1,2.3438802001796919e1,1.8429554475040691e-9
-2.4763689582320907e1,1.8761704209826458e1,1.4905224998192805e-7
8.1044802269413878e0,1.4809157304054105e1,5.8460443036140588e-6
-1.6624574824495154e0,1.1455822731119134e1,1.2469103210779600e-4
2.2166099765993539e-1,8.6194060789968646e0,1.5543871553069089e-3
-1.9558323322935476e-2,6.2429304553669138e0,1.1845745130223143e-2
1.1437615978324840e-3,4.2856496876497280e0,5.6535814300947133e-2
-4.3571870393618437e-5,2.7179575122107921e0,1.6953538059765124e-1
1.0333249895719787e-6,1.5183556670790878e0,3.1102504790592115e-1
-1.3777666527626383e-8,6.7157808860476312e-1,3.1849005039055019e-1
7.8505222379637511e-11,1.6741569967619424e-1,1.3088288653865810e-1
2.0818101361149723e0,4.8939540393390651e1,5.1014065094262531e-20
-1.9430227937073075e1,3.9376612753227363e1,4.5414659848095645e-16
5.0518592636389994e1,3.2193838475018258e1,4.2862468638739408e-13
-5.7735534441588565e1,2.6353803549347797e1,1.1064416326035394e-10
3.5282826603193012e1,2.1451343460517023e1,1.1388530973185461e-8
-1.2830118764797459e1,1.7274594908211647e1,5.6964231668516352e-7
2.9607966380301828e0,1.3695501736561238e1,1.5588823161604107e-5
-4.5116901150936119e-1,1.0629691277553503e1,2.5184724804598013e-4
4.6443868831846005e-2,8.0184141901121595e0,2.5247176855570817e-3
-3.2592188653927021e-3,5.8192767121743189e0,1.6201594273930388e-2
1.5520089835203343e-4,4.0010342625901080e0,6.7564949735342012e-2
-4.9075382878113338e-6,2.5404721362130136e0,1.8258755170879355e-1
9.8150765756226677e-8,1.4204515939960816e0,3.1004059950661539e-1
-1.1185272450852043e-9,6.2865390052235935e-1,3.0095701494777758e-1
5.5099864289911542e-12,1.5677065056447881e-1,1.1985555492885551e-1
-2.1162225523147152e0,5.2618366255753246e1,1.3695276785941586e-21
2.1162225523147152e1,4.2793255970754642e1,1.6003232897943100e-17
-5.9254231464812025e1,3.5379550787175560e1,1.9224506339848755e-14
7.3362381813576793e1,2.9321456103352334e1,6.2431524310889740e-12
-4.8908254542384529e1,2.4206680643468306e1,8.0521556711966589e-10
1.9563301816953811e1,1.9819512877102023e1,5.0494265906849270e-8
-5.0162312351163619e0,1.6029386360375127e1,1.7391756164220843e-6
8.5992535459137633e-1,1.2750055460117065e1,3.5613133885257207e-5
-1.0116768877545604e-1,9.9212191360724295e0,4.5728207803337449e-4
8.2827347535461084e-3,7.4990855329073717e0,3.8153086324109788e-3
-4.7329912877406334e-4,5.4510629395683971e0,2.1139967925127901e-2
1.8707475445615152e-5,3.7525678738747682e0,7.8467781816747648e-2
-4.9886601188307071e-7,2.3850115520046536e0,1.9370152519185838e-1
8.5276241347533455e-9,1.3344875116145764e0,3.0739285540540765e-1
-8.4016001327619167e-11,5.9090181124318832e-1,2.8469897942152032e-1
3.6135914549513620e-13,1.4739918461631114e-1,1.1028889591364820e-1
2.1490341609701849e0,5.6310333366352805e1,3.6142656646300158e-23
-2.2923031050348638e1,4.6234688173222153e1,5.4733412229489688e-19
6.8769093151045915e1,3.8601042788785753e1,8.2669447693894451e-16
-9.1692124201394554e1,3.2335929097596813e1,3.3352531962484323e-13
6.6222089701007178e1,2.7020236812941503e1,5.3188345263913912e-11
-2.8896911869530405e1,2.2434607286876761e1,4.1215924618693250e-9
8.1504110401239603e0,1.8446130057347456e1,1.7583761182493705e-7
-1.5524592457378972e0,1.4966845345801269e1,4.4819476671757221e-6
2.0547254723001581e-1,1.1935066066020915e1,7.2179655038645169e-5
-1.9225501495206157e-2,9.3057846545222847e0,7.6344112735559067e-4
1.2817000996804105e-3,7.0452701683154186e0,5.4430267841508632e-3
-6.0792099589584687e-5,5.1278130632779756e0,2.6558606855737403e-2
2.0264033196528229e-6,3.5336630360486658e0,8.9051078330907975e-2
-4.6185830647357787e-8,2.2476740672531038e0,2.0302395815461384e-1
6.8254922138952395e-10,1.2583925911414237e0,3.0350708254049745e-1
-5.8713911517378404e-12,5.5743790017978279e-1,2.6964932886521799e-1
2.2240117999006971e-14,1.3908552431591648e-1,1.0192663572608608e-1
-2.1804085820268055e0,6.0014184589933817e1,9.3927045635342003e-25
2.4711297262970463e1,4.9698465448351550e1,1.8225417174332652e-20
-7.9076151241505481e1,4.1854689502985901e1,3.4237691661180917e-17
1.1296593034500783e2,3.5392352615035515e1,1.6971880202973703e-14
-8.7862390268339424e1,2.9885796577439245e1,3.3080024696498997e-12
4.1534948126851364e1,2.5112186963272446e1,3.1285271128563563e-10
-1.2779984039031189e1,2.0936405899412709e1,1.6309707553220993e-8
2.6777109415112967e0,1.7268905651060162e1,5.0973871005463222e-7
-3.9378102081048481e-1,1.4046740966102119e1,1.0121478821729060e-5
4.1450633769524717e-2,1.1223825935478409e1,1.3303397494410431e-4
-3.1581435252971213e-3,8.7654435747518357e0,1.1913787117698304e-3
1.7475893025359564e-4,6.6449335302243318e0,7.4106003412731154e-3
-6.9903572101438258e-6,4.8415882399140685e0,3.2350575101710755e-2
1.9915547607247367e-7,3.3392637523888708e0,9.9173949043277913e-2
-3.9242458339403679e-9,2.1254363909084184e0,2.1072100937560692e-1
5.0635430115359585e-11,1.1905510704952553e0,2.9871462992961378e-1
-3.8360174329817868e-13,5.2756923865007299e-1,2.5572683588992711e-1
1.2894176245316930e-15,1.3166005359527151e-1,9.4567339788459420e-2
2.2104846039155542e0,6.3728844182453172e1,2.4072537399416502e-26
-2.6525815246986650e1,5.3182505857444444e1,5.9240791123357126e-22
9.0187771839754610e1,4.5137415964870728e1,1.3708143932651144e-18
-1.3742898566057845e2,3.8486613294375483e1,8.2680044060557914e-16
1.1452415471714871e2,3.2798133285905812e1,1.9496910519441476e-13
-5.8303206037821162e1,2.7845814136456170e1,2.2262468663289754e-11
1.9434402012607054e1,2.3492445123286314e1,1.4017660193911664e-9
-4.4421490314530409e0,1.9646993154237933e1,5.3036243571743366e-8
7.1858293155858015e-1,1.6245355991299877e1,1.2800514741103269e-6
-8.4044787316793000e-2,1.3240475544537220e1,2.0571029259038198e-5
7.2038389128679714e-3,1.0596764777724489e1,2.2704988084706356e-4
-4.5557874547781637e-4,8.2867427615915793e0,1.7593557412187232e-3
2.1260341455631431e-5,6.2888937909905987e0,9.7084966382670881e-3
-7.2684928053440789e-7,4.5862493031500780e0,3.8411441979903731e-2
1.7902691638778519e-8,3.1654194962288319e0,1.0873954182550079e-1
-3.0800329701124335e-10,2.0159176766739011e0,2.1696307128147106e-1
3.5000374660368562e-12,1.1296832141119418e0,2.9327287750416141e-1
-2.3529663637222563e-14,5.0074484955001522e-1,2.4284548470437165e-1
7.0659650562229918e-17,1.2498759511141198e-1,8.8050774903057484e-2
-2.2393810539484276e0,6.7453383711098158e1,6.0920225532343238e-28
2.8365493350013416e1,5.6685019808011729e1,1.8838833120836937e-23
-1.0211577606004830e2,4.8446589065314568e1,5.3231004222134575e-20
1.6533030409722105e2,4.1615202272985914e1,3.8725178713310841e-17
-1.4696027030864094e2,3.5752805853034710e1,1.0948913939958520e-14
8.0160147441076874e1,3.0630040952691157e1,1.4951562869131401e-12
-2.8775437542950673e1,2.6107701768389951e1,1.1255744486188368e-10
7.1253464392068333e0,2.2093354952633664e1,5.0990167924603826e-9
-1.2574140775070882e0,1.8521823078408458e1,1.4778894224958549e-7
1.6177257137518094e-1,1.5345159806815013e1,2.8648478581951340e-6
-1.5406911559541042e-2,1.2526997979116509e1,3.8373632609033171e-5
1.0961439054218923e-3,1.0039135311274345e1,3.6376239076992474e-4
-5.8461008289167590e-5,7.8593597210710427e0,2.4818975611550449e-3
2.3317781083998469e-6,5.9700059058394360e0,1.2317350675877334e-2
-6.8919550001965918e-8,4.3569660743407426e0,4.4643956624875766e-2
1.4821408602573316e-9,3.0089953882055486e0,1.1768665698236429e-1
-2.2456679700868660e-11,1.9172162686228262e0,2.2191557252689368e-1
2.2645391294993607e-13,1.0747619282656536e0,2.8738127707140740e-1
-1.3600835612608773e-15,4.7652106527261133e-1,2.3092004396379255e-1
3.6709407861292235e-18,1.1895908860796403e-1,8.2248090720374151e-2
2.2672005187902436e0,7.1186995717845685e1,1.5239926242326581e-29
-3.0229340250536581e1,6.0204456592314399e1,5.8723662614515260e-25
1.1487149295203901e2,5.1779935026607385e1,2.0102961559221709e-21
-1.9692255934635258e2,4.4775099912926520e1,1.7502029317358785e-18
1.8598241716044411e2,3.8746005775498613e1,5.8854467549471684e-16
-1.0820795180244021e2,3.3460212503950794e1,9.5311001695069560e-14
4.1618443000938541e1,2.8776603910167192e1,8.5022534326631190e-12
-1.1098251466916944e1,2.4601418218269755e1,4.5676445296647151e-10
2.1217245451458864e0,2.0868470203005929e1,1.5733142442458751e-8
-2.9778590107310687e-1,1.7528992970604824e1,3.6367089425314075e-7
3.1196618207658815e-2,1.4545910434448764e1,5.8358581070339862e-6
-2.4661358266923964e-3,1.1890376216186768e1,6.6685454611350058e-5
1.4796814960154378e-4,9.5395675717822129e0,5.5286418210666806e-4
-6.7449868764236483e-6,7.4752191169064295e0,3.3693025714645912e-3
2.3258575435943615e-7,5.6826154674109492e0,1.5210506611837288e-2
-6.0022130157273845e-9,4.1498810722304152e0,5.0960745331170742e-2
1.1367827681301865e-10,2.8674698877450934e0,1.2598209645811293e-1
-1.5284474193347045e-12,1.8277941345369384e0,2.2573379837766324e-1
1.3769796570582923e-14,1.0249531213039094e0,2.8119404158169789e-1
-7.4330885671162878e-17,4.5453657440453828e-1,2.1986910141181251e-1
1.8129484310039726e-19,1.1348557185288479e-1,7.7054642292016451e-2
-2.2940322281193946e0,7.4928973090747762e1,3.7722280179668364e-31
3.2116451193671524e1,6.3739462755543244e1,1.7973132444829087e-26
-1.2846580477468610e2,5.5135475500648945e1,7.4011617544979187e-23
2.3246193244943199e2,4.7963687053703993e1,7.6567729028605504e-20
-2.3246193244943199e2,4.1774440060993656e1,3.0402024193295465e-17
1.4370374005964886e2,3.6332317054781354e1,5.7948423754919030e-15
-5.8955380537291842e1,3.1494365783780517e1,6.0769894124264581e-13
1.6844394439226240e1,2.7165557593065647e1,3.8390113780824725e-11
-3.4679635610171671e0,2.3278755916502757e1,1.5572310533785393e-9
5.2729270518389676e-1,1.9784428879719225e1,4.2497800495243104e-8
-6.0262023449588201e-2,1.6644848884806207e1,8.0809541030404804e-7
5.2401759521381044e-3,1.3830586791853710e1,1.0994589917416722e-5
-3.4934506347587363e-4,1.1318276270933771e1,1.0920632067619082e-4
1.7915131460301212e-5,9.0891264862774756e0,8.0372626526000490e-4
-7.0601503291827436e-7,7.1278985996114712e0,4.4275344256192723e-3
2.1256366582485680e-8,5.4221822264181934e0,1.8356397239952021e-2
-4.8309924051103817e-10,3.9618731238470269e0,5.7285555891760737e-2
8.1193149665720701e-12,2.7387903894264569e0,1.3361407810305086e-1
-9.7529308907772614e-14,1.7463933995833893e0,2.2856030895122482e-1
7.8971100330180254e-16,9.7957225229641065e-1,2.7483009279803228e-1
-3.8522487965941587e-18,4.3449413207940218e-1,2.0961658380591674e-1
8.5321125062993549e-21,1.0849375337938541e-1,7.2384669419144155e-2
2.3199543190265109e0,7.8678692708584443e1,9.2462945347975627e-33
-3.4025996679055494e1,6.7288849262801420e1,5.4090357275348822e-28
1.4290918605203307e2,5.8511477429490989e1,2.6618623002689854e-24
-2.7220797343244395e2,5.1178675738937005e1,3.2512136980505874e-21
2.8733063862313528e2,4.4835240338265964e1,1.5143246065350450e-18
-1.8807096346241582e2,3.9242870422131469e1,3.3743294212035003e-16
8.1979650740027409e1,3.4256843620639236e1,4.1305203260683779e-14
-2.4984274511246448e1,2.9780917846640901e1,3.0453895193942498e-12
5.5112370245396577e0,2.5747053195718888e1,1.4431005914150538e-10
-9.0242477594801413e-1,2.2104999163951791e1,4.6095818402856054e-9
1.1172878178403985e-1,1.8816423719381109e1,1.0288264547516760e-7
-1.0598777718644096e-2,1.5851364493932827e1,1.6492775633744768e-6
7.7724369936723370e-4,1.3185965009990157e1,1.9396276256066609e-5
-4.4287390277335254e-5,1.0800967691620798e1,1.7006821957649421e-4
1.9634803571232379e-6,8.6806756477352487e0,1.1249848753107375e-3
-6.7560614438649044e-8,6.8122173169052142e0,5.6584068624349011e-3
1.7913799282975125e-9,5.1850139743799025e0,2.1720614262587925e-2
-3.6128670822806976e-11,3.7903875173651618e0,6.3553496862454810e-2
5.4247253487698162e-13,2.6212681185349832e0,1.4058677715627894e-1
-5.8566535479296261e-15,1.6719749845636705e0,2.3052399453545861e-1
4.2853562545826532e-17,9.3805214829936326e-1,2.6838082328394214e-1
-1.8982751958284178e-19,4.1614694364032084e-1,2.0009237929835142e-1
3.8348993855119552e-22,1.0392270648913830e-1,6.8167301450160175e-2
-2.3450356351764392e0,8.2435602330376591e1,2.2460038602826708e-34
3.5957213072705401e1,7.0851565307329730e1,1.6027242706637032e-29
-1.5821173751990376e2,6.1906413233140979e1,9.3693038354152546e-26
3.1642347503980753e2,5.4418054469154465e1,1.3431320455760475e-22
-3.5158163893311948e2,4.7925891374510409e1,7.2948478716408817e-20
2.4291095053560982e2,4.2188825505043783e1,1.8886248988047240e-17
-1.1211274640105069e2,3.7060423448498324e1,2.6813492779800654e-15
3.6303175025102127e1,3.2443276639524093e1,2.2917825504149650e-13
-8.5419235353181475e0,2.8268483188647216e1,1.2596253311266511e-11
1.4985830763716048e0,2.4485113171240904e1,4.6733727116269591e-10
-1.9981107684954731e-1,2.1054269298345983e1,1.2142162950775344e-8
2.0533944656475218e-2,1.7945496599911795e1,2.2727205484569264e-7
-1.6427155725180174e-3,1.5134491711359042e1,3.1330148768148658e-6
1.0296222961651391e-4,1.2601577281096202e1,3.2358741084343875e-5
-5.0720310155918183e-6,1.0330650096094699e1,2.5369602673453432e-4
1.9633668447452200e-7,8.3084350495178723e0,1.5242176922537438e-3
-5.9495964992279394e-9,6.5239437391856323e0,7.0599689361985561e-3
1.3999050586418681e-10,4.9680743156963731e0,2.5267611438230589e-2
-2.5223514570123749e-12,3.6333116044529361e0,6.9710624198262247e-2
3.4039830728911943e-14,2.5135002989187316e0,1.4691592204694506e-1
-3.3209590955036041e-16,1.6036727750375407e0,2.3174012872776295e-1
2.2066173392050526e-18,8.9991881267904697e-1,2.6191614082798396e-1
-8.9156256129497074e-21,3.9928838369525053e-1,1.9123243682610925e-1
1.6495144519795943e-23,9.9721366542399896e-2,6.4343521629174754e-2
2.3693371716496689e0,8.6199209980464532e1,5.4101389333501322e-36
-3.7909394746394702e1,7.4426677198492365e1,4.6809469544558745e-31
1.7438321583341563e2,6.5318928854679488e1,3.2326755116795143e-27
-3.6537435698429941e2,5.7680044446897847e1,5.4096861989159707e-24
4.2627008314834931e2,5.1044174196295439e1,3.4073969034595534e-21
-3.1001460592607223e2,4.5167500626934856e1,1.0192560955838606e-18
1.5103275673321468e2,3.9901932650893947e1,1.6686356297536131e-16
-5.1782659451387889e1,3.5148936898478651e1,1.6433325687488641e-14
1.2945664862846972e1,3.0838785538299001e1,1.0409331660001801e-12
-2.4225805591292580e0,2.6919902815348334e1,4.4552527163984822e-11
3.4608293701846542e-1,2.3352859225312661e1,1.3376496247497205e-9
-3.8301668919039651e-2,2.0106740983910867e1,2.9003137976672273e-8
3.3194779729834365e-3,1.7156833369982678e1,4.6459984453417177e-7
-2.2697285285356830e-4,1.4483077390588003e1,5.5981241144333061e-6
1.2299021583198283e-5,1.2069005071028034e1,5.1455362748727327e-5
-5.2899017562143151e-7,9.9009835927183721e0,3.6465513520688455e-4
1.8033755987094256e-8,7.9676659067578851e0,2.0077168911590241e-3
-4.8494133746808083e-10,6.2595836913602349e0,8.6270094431939437e-3
1.0193962048878576e-11,4.7688411602634346e0,2.8962039219982625e-2
-1.6508440564985548e-13,3.4888821355314071e0,7.5713137302626237e-2
2.0132244591445790e-15,2.4143116233662444e0,1.5262531357281780e-1
-1.7835875607039460e-17,1.5407589004015692e0,2.3231100037718362e-1
1.0809621580023915e-19,8.6477299567908661e-1,2.5548917386334923e-1
-3.9998599741069066e-22,3.8374413368645937e-1,1.8297857052994241e-1
6.8024829491614058e-25,9.5846612628604050e-2,6.0863835191432859e-2
-2.3929132465720669e0,8.9969075275345230e1,1.2930427888952796e-37
3.9881887442867782e1,7.8013351182388005e1,1.3489100231461225e-32
-1.9143305972576535e2,6.8747817858868664e1,1.0948841652689695e-28
4.1932955939929553e2,6.0963064248988248e1,2.1281765895441092e-25
-5.1251390593247232e2,5.4188120349128378e1,1.5467983601278008e-22
3.9137425543934250e2,4.8176522150248112e1,5.3186585865310680e-20
-2.0070474637915000e2,4.2778569450142407e1,9.9874498610794536e-18
7.2636003451501904e1,3.7894641396879980e1,1.1271181578786130e-15
-1.9227177384221092e1,3.3454215960348426e1,8.1805534917672316e-14
3.8229475500790476e0,2.9405100661884705e1,4.0145141384656045e-12
-5.8254438858347392e-1,2.5707361987895419e1,1.3837957592560585e-10
6.9076409713455406e-2,2.2329655796827682e1,3.4512776147879251e-9
-6.4471315732558379e-3,1.9246885575886708e1,6.3756741342300866e-8
4.7756530172265466e-4,1.6438642076381525e1,8.8878891318799155e-7
-2.8230461185575645e-5,1.3888126422493393e1,9.4890384135067972e-6
1.3356347227584176e-6,1.1581385070795506e1,7.8493141544079999e-5
-5.0592224346909758e-8,9.5067531283094052e0,5.0749907100773916e-4
1.5305210726796229e-9,7.6544411814429509e0,2.5803552870728431e-3
-3.6769275019330280e-11,6.0162236597368725e0,1.0351615491431074e-2
6.9469615421136832e-13,4.5852008006645481e0,3.2769741533827396e-2
-1.0166285183581000e-14,3.3556151855466840e0,8.1526370668608278e-2
1.1258344610831672e-16,2.3227096277926843e0,1.5774412074696404e-1
-9.0976522107730683e-19,1.4826170897943605e0,2.3232685394556749e-1
5.0495756951561896e-21,8.3227598330025042e-1,2.4913993721492054e-1
-1.7175427534544863e-23,3.6936609856066948e-1,1.7527810787589591e-1
2.6941847113011549e-26,9.2261780349185966e-2,5.7686459845337918e-2
2.4158124596796690e0,9.3744802277525969e1,3.0679551334887841e-39
-4.1874082634447596e1,8.1610839340776043e1,3.8388251325362760e-34
2.0937041317223798e2,7.2192000248141860e1,3.6448246434990204e-30
-4.7856094439368681e2,6.4265701036424974e1,8.1910342547639492e-27
6.1149454005859981e2,5.7355974758053010e1,6.8380445921699231e-24
-4.8919563204687985e2,5.1213778058493891e1,2.6900787529710253e-21
2.6341303264062761e2,4.5687846093144118e1,5.7661963675633265e-19
-1.0034782195833433e2,4.0677504219579603e1,7.4194702691240040e-17
2.8038362017769886e1,3.6111464425717915e1,6.1379028717720730e-15
-5.9028130563726076e0,3.1936942990965697e1,3.4345394141028619e-13
9.5569354246032694e-1,2.8113526735898780e1,1.3512314068574175e-11
-1.2087823461948799e-1,2.4609465405221272e1,3.8523356227438796e-10
1.2087823461948799e-2,2.1399305589499501e1,8.1518655237249059e-9
-9.6427081747739709e-4,1.8462313934412899e1,1.3051537857575963e-7
6.1751333138946612e-5,1.5781388602688285e1,1.6055813198903232e-6
-3.1871655813649864e-6,1.3342285569375061e1,1.5364400462817603e-5
1.3279856589020777e-7,1.1133055172455250e1,1.1547821581431807e-4
-4.4638173408473199e-9,9.1436233826737301e0,6.8662744368123198e-4
1.2064371191479243e-10,7.3654753582640650e0,3.2455348216468746e-3
-2.6049924300090133e-12,5.7914130291122148e0,1.2223736979628742e-2
4.4475480512349008e-14,4.4153674401760020e0,3.6658460580837495e-2
-5.9103628587839213e-16,3.2322524424505919e0,8.7123707909114905e-2
5.9700634937211326e-18,2.2378502396757683e0,1.6230481241046308e-1
-4.4181783487297929e-20,1.4287219861173784e0,2.3186696708970894e-1
2.2541726269029556e-22,8.0213851693793520e-1,2.4289819185526554e-1
-7.0719141236171155e-25,3.5602764948197764e-1,1.6808346527164613e-1
1.0264026304233840e-27,8.8935496736208806e-2,5.4775908374070392e-2
-2.4380784829940940e0,9.7526033562032005e1,7.2296803566662390e-41
4.3885412693893693e1,8.5218467924096438e1,1.0797702306565627e-35
-2.2820414600824720e2,7.5650504993438469e1,1.1939362262626639e-31
5.4334320478154096e2,6.7586686891289081e1,3.0888920248491596e-28
-7.2445760637538795e2,6.0546165304777586e1,2.9492010755190017e-25
6.0590999805941537e2,5.4277380064819273e1,1.3216519238916451e-22
-3.4179538352069585e2,4.8627542640938272e1,3.2194398085123992e-20
1.3671815340827834e2,4.3494955229775047e1,4.7014631396597670e-18
-4.0211221590670100e1,3.8807589128160491e1,4.4119591751179019e-16
8.9358270201489111e0,3.4512091889169010e1,2.8008842040129835e-14
-1.5318560605969562e0,3.0567591887399740e1,1.2510541452949087e-12
2.0586207928970953e-1,2.6941953624730119e1,4.0542732146196508e-11
-2.1958621790902350e-2,2.3609387986287886e1,9.7683354383878927e-10
1.8768052812737051e-3,2.0548859545364866e1,1.7846126299454042e-8
-1.2943484698439346e-4,1.7742986825231773e1,2.5119050566539489e-7
7.2372172507402792e-6,1.5177260345916711e1,2.7592949189514126e-6
-3.2896442048819451e-7,1.2839472821819242e1,2.3900924238172661e-5
1.2163390337378621e-8,1.0719295308013502e1,1.6457195855127569e-4
-3.6526697709845707e-10,8.8079564218638062e0,9.0616149619587574e-4
8.8728820347803338e-12,7.0979960812677008e0,4.0052030825878723e-3
-1.7312940555668944e-13,5.5830742686486893e0,1.4231723874639074e-2
2.6841768303362704e-15,4.2578212382154680e0,4.0598300105790551e-2
-3.2535476731348732e-17,3.1177195328276013e0,9.2485500631289683e-2
3.0097573294494664e-19,2.1590108784345465e0,1.6634159921546488e-1
-2.0474539656118819e-21,1.3786229139456227e0,2.3100075981291311e-1
9.6350774852323855e-24,7.7411206593902255e-1,2.3678567980960397e-1
-2.7968294587031598e-26,3.4361986687623565e-1,1.6135170109047381e-1
3.7667736817550974e-29,8.5840758721798930e-2,5.2101868648045016e-2
2.4597507179394747e0,1.0131244525463553e2,1.6928007185472756e-42
-4.5915346734870194e1,8.8835627627188243e1,3.0039929455784691e-37
2.4794287236829905e2,7.9122455518679603e1,3.8523494253077363e-33
-6.1395377919769288e2,7.0924879214567008e1,1.1428041395964390e-29
8.5271358221901790e2,6.3757277703960757e1,1.2429566315034646e-26
-7.4418639902750653e2,5.7365632420517689e1,6.3197949166440806e-24
4.3887915840083718e2,5.1595669055134876e1,1.7422902996986489e-21
-1.8391126637749368e2,4.6344694664005462e1,2.8754306418001684e-19
5.6796126381284812e1,4.1539962690173041e1,3.0474973144718914e-17
-1.3285643597961359e1,3.7127572022089026e1,2.1848844805732443e-15
2.4040688415358651e0,3.3066211253579808e1,1.1026444340903758e-13
-3.4208094187862111e-1,2.9323377783570299e1,4.0411375082565956e-12
3.8769173412910393e-2,2.5872965010183223e1,1.1026460116477289e-10
-3.5345115362197509e-3,2.2693654190122116e1,2.2854121444549998e-9
2.6117080316894711e-4,1.9767803881495937e1,3.6576521289439756e-8
-1.5726413954259181e-5,1.7080660085868189e1,4.5809972471877889e-7
7.7440674774761118e-7,1.4619780425615917e1,4.5390321726501504e-6
-3.1236574699063308e-8,1.2374605507460246e1,3.5892256425744403e-5
1.0318388038729621e-9,1.0336134175157225e1,2.2804107333796874e-4
-2.7849900239486157e-11,8.4966738034354141e0,1.1698415796366517e-3
6.1133927354969614e-13,6.8496459356690372e0,4.8599225257507459e-3
-1.0832146596672357e-14,5.3894335273069870e0,1.6362815613011532e-2
1.5318187106405353e-16,4.1112600370811392e0,4.4561995883935886e-2
-1.7004463022836655e-18,3.0110933274958848e0,9.7598042680321585e-2
1.4459577400371305e-20,2.0855692343379069e0,1.6988927926679879e-1
-9.0726760159192502e-23,1.3319310174603695e0,2.2978887242515049e-1
3.9503669154945937e-25,7.4798188895394836e-1,2.3081787412247884e-1
-1.0640718964295202e-27,3.3204854650592883e-1,1.5504407505570094e-1
1.3334234291096744e-30,8.2954197749191656e-2,4.9638311409201801e-2
-2.4808648452735532e0,1.0510374285525346e2,3.9398048746295537e-44
4.7963387008622028e1,9.2461765428905205e1,8.2715647731963958e-39
-2.6859496724828336e2,8.2607057554584105e1,1.2254942269936541e-34
6.9067277292415720e2,7.4279244370073233e1,4.1529982191132153e-31
-9.9763844977933818e2,6.6988034600127839e1,5.1264985109270346e-28
9.0694404525394380e2,6.0477006039966401e1,2.9463261739481782e-25
-5.5811941246396542e2,5.4590433842378805e1,9.1579785458784176e-23
2.4450945688897532e2,4.9224655700070402e1,1.7014240218892298e-20
-7.9106000758197899e1,4.4306227961810493e1,2.0283228303149145e-18
1.9429544045873168e1,3.9780718862305565e1,1.6353643558562643e-16
-3.7008655325472701e0,3.5606393768601287e1,9.2839778433276082e-15
5.5586122623239631e-1,3.1750398881308086e1,3.8301981063443489e-13
-6.6703347147887557e-2,2.8186325917674785e1,1.1777444404181397e-11
6.4612928861201622e-3,2.4892588934819936e1,2.7550003038004184e-10
-5.0926446393065318e-4,2.1851303284623580e1,4.9855761605564651e-9
3.2855771866493753e-5,1.9047488141075172e1,7.0765488677572219e-8
-1.7423515383746687e-6,1.6468484930196696e1,7.9682717072465404e-7
7.6136369744103172e-8,1.4103524183036067e1,7.1839089524157932e-6
-2.7436529637514656e-9,1.1943397103923013e1,5.2242985165679753e-5
8.1457982729463218e-11,9.9802027278889186e0,3.0820500214911079e-4
-1.9867800665722736e-12,8.2071507736332194e0,1.4809483752002897e-3
3.9603589366889175e-14,6.6184063094944913e0,5.8089777193633625e-3
-6.4005800996992606e-16,5.2089663622453999e0,1.8603571526922437e-2
8.2893729320804485e-18,3.9745613377813211e0,4.8525037231464207e-2
-8.4585438082453556e-20,2.9115760320849441e0,1.0245262800261625e-1
6.6341520064669456e-22,2.0169863680142479e0,1.7298239920251733e-1
-3.8514670574554111e-24,1.2883089767986660e0,2.2828417729711198e-1
1.5561483060425903e-26,7.2356146969204599e-1,2.2500535181568980e-1
-3.9001210677759156e-29,3.2123179355195866e-1,1.4912562998825223e-1
4.5588790973418067e-32,8.0255488080658718e-2,4.7362774078689398e-2
2.5014532882951743e0,1.0889965770069436e2,9.1175087682295866e-46
-5.0029065765903486e1,9.6096377700756872e1,2.2555783885260969e-40
2.9016858144224022e2,8.6103588908778458e1,3.8468159460212966e-36
-7.7378288384597392e2,7.7648843945193486e1,1.4840182777961956e-32
1.1606743257689609e3,7.0237278055677081e1,2.0719139147004167e-29
-1.0973648170906539e3,6.3610116882385871e1,1.3413250203258002e-26
7.0343898531452174e2,5.7610217931002932e1,4.6840100212293515e-24
-3.2157210757235280e2,5.2132973362220583e1,9.7608247766894322e-22
1.0876703638476639e2,4.7104261414558566e1,1.3039787560522215e-19
-2.7986839771518836e1,4.2469135949718211e1,1.1777553318271129e-17
5.5973679543037673e0,3.8185453900317267e1,7.4908378180718767e-16
-8.8495936036423198e-1,3.4220024325723014e1,3.4641457970701179e-14
1.1209485231280272e-1,3.0546151091062720e1,1.1950494830523411e-12
-1.1496907929518227e-2,2.7141995024096358e1,3.1401349433344483e-11
9.6279524532911265e-4,2.3989442674248814e1,6.3931583547918388e-10
-6.6256877097917429e-5,2.1073301474398105e1,1.0228966657076687e-8
3.7645952896543994e-6,1.8380712651423821e1,1.3013335649128417e-7
-1.7715742539550115e-7,1.5900713790484700e1,1.3292042392395692e-6
6.9160556460706154e-9,1.3623906945440531e1,1.0986952945085070e-5
-2.2400180230188228e-10,1.1542202900168026e1,7.3958278426625109e-5
6.0098044520017197e-12,9.6486214992317870e0,4.0738358263644442e-4
-1.3310751831676013e-13,7.9371340289218115e0,1.8422477368270435e-3
2.4201366966683659e-15,6.4025376749209594e0,6.8505075500757418e-3
-3.5820709663916610e-17,5.0403548429570601e0,2.0940238156879836e-2
4.2643701980853107e-19,3.8467520507915961e0,5.2465677050145031e-2
-4.0135248923155865e-21,2.8184744639263400e0,1.0704470531802625e-1
2.9125724907950555e-23,1.9527931331651455e0,1.7565465922543463e-1
-1.5690626213037336e-25,1.2474627174532666e0,2.2653270707954319e-1
5.8987316590365925e-28,7.0068801907136593e-1,2.1935487311254485e-1
-1.3790138302832478e-30,3.1109807413937162e-1,1.4356480396558714e-1
1.5071189402002708e-33,7.7726867071526520e-2,4.5255781752418122e-2
-2.5215456053519796e0,1.1269994395176783e2,2.0986861253177421e-47
5.2111942510607579e1,9.9739004352949962e1,6.0946217083421771e-42
-3.1267165506364547e2,8.9611390797633505e1,1.1924129957232265e-37
8.6356933303292559e2,8.1032823137771008e1,5.2194907156925899e-34
-1.3433300736067731e3,7.3503954785587068e1,8.2153828936031267e-31
1.3189058904502864e3,6.6763707770537907e1,5.9714668244964136e-28
-8.7927059363352424e2,6.0653552758173035e1,2.3350587781046880e-25
4.1870028268263059e2,5.5067958508579222e1,5.4394879332556100e-23
-1.4777657035857550e2,4.9932142604209018e1,8.1151191997329617e-21
3.9752761616926743e1,4.5190659342164299e1,8.1814114112063451e-19
-8.3291500530703653e0,4.0800970529842849e1,5.8081755194908608e-17
1.3827047518931041e0,3.6729560601284262e1,2.9991163292016847e-15
-1.8436063358574722e-1,3.2949457762150696e1,1.1560317168572447e-13
1.9959270872531038e-2,2.9438581817741753e1,3.3974701934897810e-12
-1.7697875650520132e-3,2.6178602997323242e1,7.7467146074314525e-11
1.2940382196079236e-4,2.3154129967825632e1,1.3903893082058221e-9
-7.8426558764116583e-6,2.0352117419061982e1,1.9881435729730702e-8
3.9542802738210042e-7,1.7761424523382469e1,2.2877843261127625e-7
-1.6624601751800018e-8,1.5372479772098688e1,2.1362609312867282e-6
5.8331935971228132e-10,1.3177022531899675e1,1.6297426896982106e-5
-1.7072761747676526e-11,1.1167901058389647e1,1.0212986981805524e-4
4.1594768377506487e-13,9.3389128175502314e0,5.2784736509895257e-4
-8.4029835106073712e-15,7.6846770442172055e0,2.2559576379669004e-3
1.3992016946432255e-16,6.2005322481470236e0,7.9816514052177637e-3
-1.9036757750247967e-18,4.8824533138672510e0,2.3359054091903112e-2
2.0903106549291885e-20,3.7269842127381612e0,5.6364861411899513e-2
-1.8202995543650408e-22,2.7311833356258359e0,1.1137313296232605e-1
1.2257909457003642e-24,1.8925791809476385e0,1.7793850499132688e-1
-6.1443155172950584e-27,1.2091346748887941e0,2.2457449310405569e-1
2.1546401580228142e-29,6.7921881231965594e-1,2.1387023125858694e-1
-4.7095959738203589e-32,3.0158462588090853e-1,1.3833307611395696e-1
4.8229349450285293e-35,7.5352743443543200e-2,4.3300375968773976e-2
2.5411688243046443e0,1.1650437601333890e2,4.8063362979685941e-49
-5.4211601585165745e1,1.0338922383434712e2,1.6325662503671827e-43
3.3611192982802762e2,9.3129860459919564e1,3.6524882484650576e-39
-9.6031979950865035e2,8.4430400883105624e1,1.8084833710120966e-35
1.5471818992083811e3,7.6787103633643557e1,3.1993478453608441e-32
-1.5753124791939880e3,6.9936633005929125e1,2.6030556489618142e-29
1.0906009471342994e3,6.3719101772460257e1,1.1363047151808447e-26
-5.4010713572365304e2,5.8028075927999480e1,2.9497215844933785e-24
1.9856879989840185e2,5.2788128524770465e1,4.8985689994373698e-22
-5.5738610497797012e1,4.7943327840593414e1,5.4942112289058440e-20
1.2209409918565060e1,4.3450752607759018e1,4.3386484443935334e-18
-2.1233756380113147e0,3.9276573854360925e1,2.4925055617668762e-16
2.9727258932158406e-1,3.5393554953731073e1,1.0694713033169076e-14
-3.3877218156305876e-2,3.1779385434306298e1,3.5016073833353852e-13
3.1707741131517815e-3,2.8415530105460672e1,8.9047121128032462e-12
-2.4547928617949276e-4,2.5286410115629274e1,1.7849633482262567e-10
1.5807378276709761e-5,2.2378805379956166e1,2.8553363082935059e-9
-8.5014471404153338e-7,1.9681409090727186e1,3.6830061633563158e-8
3.8294806938807810e-8,1.7184489431537495e1,3.8639430924852569e-7
-1.4470372392531966e-9,1.4879628583495812e1,3.3209951935573030e-6
4.5881668561686721e-11,1.2759518584739841e1,2.3521446083746626e-5
-1.2194463405099461e-12,1.0817799768813805e1,1.3791924586586385e-4
2.7098807566887691e-14,9.0489316186888471e0,6.7177241368500671e-4
-5.0136554240310251e-16,7.4480886763233573e0,2.7237348161372319e-3
7.6739623837209568e-18,6.0110760974251892e0,9.1987005249552829e-3
-9.6300704423164948e-20,4.7342608223208709e0,2.5846496037872469e-2
9.7838161242692980e-22,3.6145153291383445e0,6.0206103600716530e-2
-7.9061140398135741e-24,2.6491716644099817e0,1.1543953113182765e-1
4.9537055387303096e-26,1.8359839885169846e0,1.7986486125545398e-1
-2.3161685745086193e-28,1.1730982834104801e0,2.2244431437288231e-1
7.5939953262577683e-31,6.5902818535019120e-1,2.0855292272719702e-1
-1.5553497852038440e-33,2.9263615250988044e-1,1.3340464639130449e-1
1.4955286396190808e-36,7.3119375280799769e-2,4.1481728773355511e-2
-2.5603477290245458e0,1.2031274631409088e2,1.0954469386490775e-50
5.6327650038540008e1,1.0704664883985084e2,4.3373917354365673e-45
-3.6049696024665605e2,9.6658444829519755e1,1.1062770117611623e-40
1.0643243588234607e3,8.7840861414834627e1,6.1780486463401914e-37
-1.7738739313724345e3,8.0085844890743001e1,1.2249086323274900e-33
1.8706306912654764e3,7.3127845275840579e1,1.1123797274977528e-30
-1.3430169065495728e3,6.6805644727500732e1,5.4051134149167566e-28
6.9069440908263744e2,6.1011925785239099e1,1.5589788871583195e-25
-2.6408903876689079e2,5.5670631935286791e1,2.8732413816257501e-23
7.7219017183301400e1,5.0725357889773081e1,3.5740872094710466e-21
-1.7650061070468891e1,4.6132810278798672e1,3.1293962758669986e-19
3.2091020128125257e0,4.1858856844479534e1,1.9935460179846910e-17
-4.7066829521250377e-1,3.7876005806004557e1,9.4887965726270350e-16
5.6319283187820964e-2,3.4161725939490630e1,3.4486396819825444e-14
-5.5486978510168437e-3,3.0697286221062910e1,9.7440032787723388e-13
4.5344197492180658e-4,2.7466930101935976e1,2.1726659108628601e-11
-3.0916498290123176e-5,2.4457272925622901e1,3.8715764355397405e-10
1.7666570451498958e-6,2.1656852622393856e1,5.5723488223929135e-9
-8.4884422589784782e-8,1.9055788428477655e1,6.5363891432630057e-8
3.4366162991815701e-9,1.6645517469240922e1,6.2958762816468699e-7
-1.1734787363059020e-10,1.4418588596439917e1,5.0108173628726543e-6
3.3787870591310578e-12,1.2368499083905059e1,3.3120869412582731e-5
-8.1909989312268068e-14,1.0489563929953649e1,1.8253893696570741e-4
1.6669933070026804e-15,8.7768103396139162e0,8.4120084113636694e-4
-2.8350226309569394e-17,7.2258919239216786e0,3.2466782299091803e-3
4.0023848907627380e-19,5.8330185442791771e0,1.0497247785139430e-2
-4.6471812955155158e-21,4.5948987311821562e0,2.8389471586416204e-2
4.3811810193412271e-23,3.5086923389820099e0,6.3975322155877130e-2
-3.2941210671738549e-25,2.5719716421359269e0,1.1924772518787783e-1
1.9252607055370280e-27,1.7826894882251590e0,1.8146297196605758e-1
-8.4164402427848219e-30,1.1391534366425926e0,2.2017236140759109e-1
2.5856959271228332e-32,6.4000505580696603e-1,2.0340267643297297e-1
-4.9724921675439099e-35,2.8420374503955337e-1,1.2875614808184993e-1
4.4979576368556399e-38,7.1014603685238014e-2,3.9786824767668551e-2
2.5791051060082132e0,1.2412486338690544e2,2.4853353379364314e-52
-5.8459715736186165e1,1.1071092260739233e2,1.1434118740740725e-46
3.8583412385882869e2,1.0019663508858119e2,3.3151660188287342e-42
-1.1758754250935732e3,9.1263547014880512e1,2.0823896904300205e-38
2.0251187876611538e3,8.3399371136914455e1,4.6147592636165243e-35
-2.2092204956303496e3,7.6336384451213948e1,4.6650640817925472e-32
1.6427537018789779e3,6.9912064272315010e1,2.5163542233760557e-29
-8.7613530766878820e2,6.4018227813748036e1,8.0419157414404494e-27
3.4787725451554826e2,5.8578202937502832e1,1.6402566332291323e-24
-1.0578723529127783e2,5.3535122293395649e1,2.2563446444292184e-22
2.5187436974113770e1,4.8845330454000026e1,2.1839941483018878e-20
-4.7786441690018219e0,4.4474401056236716e1,1.5380120861999418e-18
7.3272543924694602e-1,4.0394595869288985e1,8.094733370902986e-17
-9.1851622013862180e-2,3.6583171413296349e1,3.2547964596861132e-15
9.5018919324685013e-3,3.3021209318388576e1,1.0181897837830745e-13
-8.1736704795427969e-4,2.9692783973008033e1,2.5161170508043054e-12
5.8825658754285280e-5,2.6584355061375135e1,4.9751261310128122e-11
-3.5591995212676808e-6,2.3684314557864741e1,7.9573498315789211e-10
1.8170087646111284e-7,2.0982642559641357e1,1.0390297903840871e-8
-7.8467315070925921e-9,1.8470641552997041e1,1.1162815194608061e-7
2.8707554294241191e-10,1.6140728336394624e1,9.9325053752061014e-7
-8.9015672230205242e-12,1.3986269086805493e1,7.3595466824615390e-6
2.3377853312983195e-13,1.2001447232247580e1,4.5610540304305194e-5
-5.1902727059352144e-15,1.0181156639805546e1,2.3723279164824046e-4
9.7096938376339045e-17,8.5209146071110636e0,1.0380078059941278e-3
-1.5230892294327693e-18,7.0167905457402166e0,3.8253462787667168e-3
1.9895214898250978e-20,5.6653472527363419e0,1.1872331007901366e-2
-2.1435921775893310e-22,4.4635924028694990e0,3.0975465003640658e-2
1.8803440154292377e-24,3.4089384402651194e0,6.7660657902047460e-2
-1.3187684503302661e-26,2.4991694586532152e0,1.2280327182747062e-1
7.2063849744823283e-29,1.7324139726671945e0,1.8276031935916848e-1
-2.9519242086973183e-31,1.1071227249939236e0,2.1778482127313754e-1
8.5151659866268797e-34,6.2205086473482063e-1,1.9841787199178641e-1
-1.5405094503169389e-36,2.7624398484888499e-1,1.2436639085224651e-1
1.3133072892727527e-39,6.9027631180113424e-2,3.8204197702110220e-2
-2.5974619576382970e0,1.2794055020186132e2,5.6142633477579926e-54
6.0607445678226930e1,1.1438171570911180e2,2.9919962385701155e-48
-4.1213063061194312e2,1.0374396195686361e2,9.8343619445257247e-44
1.2952676962089641e3,9.4697851755328082e1,6.9301694006533815e-40
-2.3026981265937140e3,8.6726939351433777e1,1.7122204159541013e-36
2.5957687972510957e3,7.9561367954379750e1,1.9218782558685593e-33
-1.9967452286546890e3,7.3037334443651350e1,1.1478724478028693e-30
1.1029640310663997e3,6.7045807778116846e1,4.0542369525469694e-28
-4.5416165985087044e2,6.1509513231753566e1,9.127138655489572e-26
1.4341947153185382e2,5.6371132063015611e1,1.3846917129592029e-23
-3.5513392950744757e1,5.1586656026289385e1,1.477541486554539e-21
7.0184571048902681e0,4.7121373026198684e1,1.1469397442642733e-19
-1.1229531367824429e0,4.2947306254427064e1,6.654964098705651e-18
1.4716764755553383e-1,3.9041507599412696e1,2.951236831988672e-16
-1.5949203183358346e-2,3.5384878905654885e1,1.0188678543958832e-14
1.4405731907549474e-3,3.1961333138158041e1,2.7809512943328295e-13
-1.0913433263295056e-4,2.8757182157566307e1,6.0798919854200256e-12
6.9699237647934810e-6,2.5760680116563578e1,1.0765593495024702e-10
-3.7675263593478276e-7,2.2961676499548349e1,1.5585504331051030e-9
1.7286895575954944e-8,2.0351348162060876e1,1.8596881990300276e-8
-6.7461055906165636e-10,1.7921989429515238e1,1.8414720146486180e-7
2.2412310932280942e-11,1.5666845627005144e1,1.5219364901867788e-6
-6.3388354151905695e-13,1.3579979620273584e1,1.0548863718802419e-5
1.5246042626730324e-14,1.1656163815741713e1,6.1554031449218508e-5
-3.1114372707612907e-16,9.8907920607069512e0,3.0325603959931190e-4
5.3687545064116389e-18,8.2798072951814609e0,1.2638752599991436e-3
-7.7920965259965731e-20,6.8196418212772532e0,4.4597847975141747e-3
9.4449654860564523e-22,5.5071677968546372e0,1.3318566451432221e-2
-9.4686370787533356e-24,4.3396561088983255e0,3.3592642570341197e-2
7.7475697897455697e-26,3.3147421941299319e0,7.1252281195667708e-2
-5.0803736326200457e-28,2.4303976879037787e0,1.2611305920406475e-1
2.6013177842396548e-30,1.6849070242333326e0,1.8378260086137896e-1
-1.0005068400921749e-32,1.0768482989029390e0,2.1530439099335255e-1
2.7150796203315466e-35,6.0507785779070065e-1,1.9359587045443081e-1
-4.6292917652711791e-38,2.6871819386121837e-1,1.2021613181956690e-1
3.7257881410633232e-41,6.7148836328217690e-2,3.6723711104335768e-2
2.6154376874005416e0,1.3175964271261778e2,1.2630047454575237e-55
-6.2770504497612999e1,1.1805872325896195e2,7.7742571146426310e-50
4.3939353148329099e2,1.0729999160003494e2,2.8893603409688765e-45
-1.4227981019458946e3,9.8143216072405544e1,2.2786141292370530e-41
2.6084631869008068e3,9.0067864084341949e1,6.2613624704044074e-38
-3.0353026174845752e3,8.2801982437782044e1,7.7848806818411756e-35
2.4126764395390213e3,7.6180510743045833e1,5.136028925915879e-32
-1.3786722511651550e3,7.0093585823017716e1,1.999916263953612e-29
5.8796316593808083e2,6.4463342593414914e1,4.957152744536503e-27
-1.9254934089200308e2,5.9232020858613355e1,8.27317936556144e-25
4.9512687657943649e1,5.4355268091055365e1,9.70658697677769e-23
-1.0176520783450869e1,4.9798094136501487e1,8.28308646342315e-21
1.6960867972418114e0,4.5532290766883819e1,5.28386564633021e-19
-2.3194349363990584e-1,4.1534712118561385e1,2.576878831772226e-17
2.6279312087279972e-2,3.7786087023912791e1,9.78841405722989e-16
-2.4866445846028360e-3,3.4270173823575010e1,2.941705019629439e-14
1.9780127377522559e-4,3.0973143485779379e1,7.087666934221342e-13
-1.3297564623544578e-5,2.7883119495784314e1,1.3845904680227337e-11
7.5871990344548641e-7,2.4989828184460958e1,2.2143215568844873e-10
-3.6860885997351567e-8,2.2284328618003554e1,2.9231320225232532e-9
1.5283781998901869e-9,1.9758800948165173e1,3.2078461040917841e-8
-5.4161796673849370e-11,1.7406378482565716e1,2.9440711468059331e-7
1.6412665658742233e-12,1.5221012974540106e1,2.2711860921863883e-6
-4.2511992455576552e-14,1.3197365521021663e1,1.4789153157351381e-5
9.3989098966410745e-16,1.1330717464623116e1,8.1558104352846474e-5
-1.7692065687794964e-17,9.6168971163652957e0,3.8185584135432082e-4
2.8245678166290944e-19,8.0522191367603547e0,1.5202723806663274e-3
-3.8041317395678039e-21,6.6334341584001494e0,5.1495630473381394e-3
4.2903741423697036e-23,5.3576867849898925e0,1.4830270395351968e-2
-4.0120389408483494e-25,4.2224805156511824e0,3.6229923804710500e-2
3.0693194082992837e-27,3.2256484577446300e0,7.4742197592180288e-2
-1.8859105427338148e-29,2.3653289333531228e0,1.2918497207484746e-1
9.0668776092971868e-32,1.6399452730509493e0,1.8455374753581047e-1
-3.2806431874435773e-34,1.0481892394476017e0,2.1275072676741746e-1
8.3903917837431645e-37,5.8900764231868517e-1,1.8893327583578005e-1
-1.3505660818902478e-39,2.6159180440600721e-1,1.1628787196705261e-1
1.0278280684096254e-42,6.5369617842264269e-2,3.5336374669163026e-2
-2.6330502614007569e0,1.3558198858392276e2,2.8301224655599391e-57
6.4948573114552005e1,1.2174166247296309e2,2.0065035473441628e-51
-4.6762972642477443e2,1.1086432206100849e2,8.4114473342711416e-47
1.5587657547492481e3,1.0159912204216647e2,7.4062065127805785e-43
-2.9443353145263575e3,9.3421511521153749e1,2.2583126333532582e-39
3.5332023774316291e3,8.6057476563580725e1,3.1031235089985482e-36
-2.8990378481490290e3,7.9340721541708093e1,2.256285022603136e-33
1.7118128246213314e3,7.3160566399278565e1,9.66380357719184e-31
-7.5521154027411679e2,6.7438567201466726e1,2.631163794871775e-28
2.5615362184736125e2,6.2116531585569922e1,4.81917213998327e-26
-6.8307632492629667e1,5.7149770660840471e1,6.20169773221521e-24
1.4579494682221352e1,5.2503023278312628e1,5.80319113967676e-22
-2.5271124115850343e0,4.8147856329769758e1,4.05930553561185e-20
3.5998752301781116e-1,4.4060932439211350e1,2.17124565638994e-18
-4.2560101243485063e-2,4.0222813528096641e1,9.04936639142933e-17
4.2102465746243288e-3,3.6617109397561292e1,2.985741678995451e-15
-3.5085388121869407e-4,3.3229856289458493e1,7.90382742632249e-14
2.4766156321319581e-5,3.0049053350787758e1,1.698035479383480e-12
-1.4874568361152902e-6,2.7064310323638821e1,2.989821545037119e-11
7.6279837749502059e-8,2.4266575352278092e1,4.3511197073745746e-10
-3.3488709255878953e-9,2.1647921649651449e1,5.2719313085134564e-9
1.2609259299002042e-10,1.9201378172956871e1,5.3512974991337503e-8
-4.0757201774552055e-12,1.6920793729041991e1,4.5748486908190618e-7
1.1310971815324345e-13,1.4800726840394377e1,3.3087512257154247e-6
-2.6930885274581773e-15,1.2836355724504573e1,2.0319702976918287e-5
5.4917883697186360e-17,1.1023404169583332e1,1.0626613044018995e-4
-9.5647983217160570e-19,9.3580801177580087e0,4.7425289751882500e-4
1.4170071587727492e-20,7.8370245170842304e0,1.8084423585095914e-3
-1.7756981939508135e-22,6.4572685587411451e0,5.8938152243495595e-3
1.8680635588027261e-24,5.2161978317732654e0,1.6401567731727510e-2
-1.6332796142537496e-26,4.1115222434051104e0,3.8877024448224249e-2
1.1708097593216843e-28,3.1412507953758516e0,7.8124057749190367e-2
-6.7546716883943324e-31,2.3036704951502109e0,1.3202761347192962e-1
3.0550301620960346e-33,1.5973288290979188e0,1.8509597166620589e-1
-1.0417835164862863e-35,1.0210193428916927e0,2.1014083617167434e-1
2.5153726756208120e-38,5.7376996991913018e-1,1.8442614180949255e-1
-3.8285733266679026e-41,2.5483382704260046e-1,1.1256567529654872e-1
2.7593321273282181e-44,6.3682262854357185e-2,3.4034189853420236e-2
2.6503163497565913e0,1.3940744607357168e2,6.3178767078191313e-59
-6.7141347527166979e1,1.2543027052951535e2,5.1456162775267731e-53
4.9684597170103565e2,1.1443658013541540e2,2.4273788350813062e-48
-1.7034719029749794e3,1.0506508925083596e2,2.3809658131432032e-44
3.3123064780069043e3,9.6787294303012782e1,8.038771342717416e-41
-4.0952152818994453e3,8.9327154712490120e1,1.2181553090612680e-37
3.4651821616072230e3,8.2517160603907491e1,9.74050106239982e-35
-2.1121110318367835e3,7.6245829515661157e1,4.57889633651930e-32
9.6287414686676896e2,7.0434149520513826e1,1.366410846338454e-29
-3.3785057784798911e2,6.5023504796258825e1,2.74039298778125e-27
9.3311111977063659e1,5.9968877462391943e1,3.85917643358611e-25
-2.0653842967255197e1,5.5234741905556541e1,3.95051918694492e-23
3.7176917341059355e0,5.0792446139256204e1,3.02277659101611e-21
-5.5076914579347192e-1,4.6618466961671721e1,1.76882547646985e-19
6.7828712536141863e-2,4.2693204906606276e1,8.0677504082902e-18
-7.0016735521178697e-3,3.9000126709732040e1,2.91445309666691e-16
6.0999428673754168e-4,3.5525139401257016e1,8.45273391532388e-15
-4.5108821204120729e-5,3.2256123419849861e1,1.991205777892828e-13
2.8447004362959018e-6,2.9182577728731979e1,3.848128389924591e-12
-1.5356007753284220e-7,2.6295345599129592e1,6.153724138473232e-11
7.1161987149365900e-9,2.3586399649036376e1,8.203774719097030e-10
-2.8370227434963149e-10,2.1048671179163771e1,9.1762881686137498e-9
9.7433104322095664e-12,1.8675913149814094e1,8.6595891742925458e-8
-2.8842362056494554e-13,1.6462589073157506e1,6.9270792264693539e-7
7.3577454225751413e-15,1.4403782131615793e1,4.7156701719370810e-6
-1.6158186026047369e-16,1.2495120273121431e1,2.7408256009869387e-5
3.0487143445372394e-18,1.0732714069067401e1,1.3635073725227255e-4
-4.9272151022824072e-20,9.1131048758146277e0,5.8162456034952213e-4
6.7919005169306365e-22,7.6332213990237170e0,2.1293950224925215e-3
-7.9391005457985230e-24,6.2903431783597531e0,6.6912853473903721e-3
7.8089513565231374e-26,5.0820698272514537e0,1.8026487225556363e-2
-6.3975023914168048e-28,4.0062951056318472e0,4.1524476511507593e-2
4.3060112249920802e-30,3.0611850922891685e0,8.1392975525537857e-2
-2.3370481546768414e-32,2.2451598715200026e0,1.3465007505307199e-1
9.9618420915466383e-35,1.5568782663293985e0,1.8542983408054517e-1
-3.2070316592504268e-37,9.9522524493578905e-1,2.0748942007324334e-1
7.3219900896128466e-40,5.5930170439744939e-1,1.8007013487042608e-1
-1.0554219948991491e-42,2.4841639901867833e-1,1.0903500825247983e-1
7.2140942918602123e-46,6.2079835085978585e-2,3.2810019447892008e-2
-2.6672514508220964e0,1.4323588304664481e2,1.4053190548994623e-60
6.9348537721374506e1,1.2912430268615786e2,1.3115206965146444e-54
-5.2704888668244624e2,1.1801641862593260e2,6.9466168440765384e-50
1.8572198864048106e3,1.0854067117146625e2,7.5746068085306114e-46
-3.7144397728096211e3,1.0016466698884538e2,2.8258506858600087e-42
4.7274688017576996e3,9.2610371480811411e1,4.712738742688405e-39
-4.1213830579426099e3,8.5709080557254974e1,4.13569463252609e-36
2.5905836364210691e3,7.9348523110720592e1,2.12940886971566e-33
-1.2190981818452090e3,7.3449129492632834e1,6.9501442424141e-31
4.4201220628305823e2,6.7951868610018519e1,1.52303373624077e-28
-1.2628920179515949e2,6.2811400481950266e1,2.34202695198555e-26
2.8951674719838935e1,5.7991941090827198e1,2.6169042474909e-24
-5.4043126143699346e0,5.3464625103369488e1,2.1853073245405e-22
8.3143270990306687e-1,4.9205748697573423e1,1.39568701644128e-20
-1.0648891850975241e-1,4.5195556043182863e1,6.9495056421342e-19
1.1450421345134667e-2,4.1417375758975118e1,2.74176615096637e-17
-1.0409473950122425e-3,3.7856990620531672e1,8.6892725631615e-16
8.0476605328677570e-5,3.4502167391929745e1,2.23831656034872e-14
-5.3167727244171368e-6,3.1342299426479437e1,4.73418223607661e-13
3.0135553903578913e-7,2.8368130478958264e1,8.29392367019844e-12
-1.4700270196867762e-8,2.5571538165590826e1,1.212738312299453e-10
6.1861602157361569e-10,2.2945362007821824e1,1.4898041809112183e-9
-2.2495128057222389e-11,2.0483265328122387e1,1.5464106035532504e-8
7.0752484176277634e-13,1.8179623217287792e1,1.3629757310465556e-7
-1.9252376646606159e-14,1.6029430842964776e1,1.0243257327036999e-6
4.5299709756720374e-16,1.4028227819002220e1,6.5871532931026374e-6
-9.2045854367791761e-18,1.2172035397154006e1,3.6349936633326620e-5
1.6115772481902935e-19,1.0457304002586542e1,1.7250594385862279e-4
-2.4234244333688623e-21,8.8808691964845500e0,7.0508976486339050e-4
3.1160337541855623e-23,7.4399145697317226e0,2.4839046699024373e-3
-3.4055013706946036e-25,6.1319403903990409e0,7.5403737370957981e-3
3.1387109407323536e-27,4.9547370720429885e0,1.9699043658946546e-2
-2.4143930313325797e-29,3.9063627190590042e0,4.4163630039332121e-2
1.5287879890844014e-31,2.9851241535342447e0,8.4545356819684386e-2
-7.8198874121964267e-34,2.1895609453702051e0,1.3706174905588291e-1
3.1468359807631496e-36,1.5184320613911117e0,1.8557432414669826e-1
-9.5794093782744280e-39,9.7070482530314743e-1,2.0480917040996166e-1
2.0712236493566331e-41,5.4554594294015097e-1,1.7586066287836006e-1
-2.8314745719161081e-44,2.4231439945390583e-1,1.0568259714464393e-1
1.8380230911496969e-47,6.0556079496847870e-2,3.1657476933562970e-2
2.6838700007054152e0,1.4706717610350163e2,3.1151852095185580e-62
-7.1569866685477738e1,1.3282353061642827e2,3.3232921677639133e-56
5.5824496014672636e2,1.2160351392117727e2,1.9721380891804280e-51
-2.0203150938643430e3,1.1202545197357791e2,2.3857152229095397e-47
4.1528699151655939e3,1.0355312206556567e2,9.815386633846264e-44
-5.4364842525804139e3,9.5906526849111470e1,1.798039989832408e-40
4.8788961241106278e3,8.8915787168392437e1,1.72833608384558e-37
-3.1596660613287876e3,8.2467856375596456e1,9.7279564109628e-35
1.5333673532919116e3,7.6482616839099236e1,3.4658683042032e-32
-5.7389187491627101e2,7.0900629917168170e1,8.2820724820334e-30
1.6943474402289906e2,6.5676239985927215e1,1.3878140050865e-27
-4.0182152732703335e1,6.0773410267412504e1,1.6890862697936e-25
7.7685495283226447e0,5.6163067199457983e1,1.5360781405147e-23
-1.2394267053734134e0,5.1821331125206028e1,1.0683706183100e-21
1.6484985736493676e-1,4.7728294439601588e1,5.7941797663078e-20
-1.8434822759089702e-2,4.3867152138565548e1,2.4906446239271e-18
1.7457218521865248e-3,4.0223567219815048e1,8.6042070739837e-17
-1.4083134269740032e-4,3.6785197295336065e1,2.41745677291979e-15
9.7270897358564785e-6,3.3541334730034339e1,5.5810430065963e-14
-5.7758697486867079e-7,3.0482628529781437e1,1.06818615254915e-12
2.9583723103029480e-8,2.7600866265866332e1,1.708108043084805e-11
-1.3104639248296558e-9,2.4888800867880915e1,2.297460973356437e-10
5.0300635498512041e-11,2.2340011479175595e1,2.614527450134727e-9
-1.6751367973602530e-12,1.9948790540447564e1,2.5302347910079630e-8
4.8430825774020919e-14,1.7710051331201331e1,2.0914889819785024e-7
-1.2155187645244466e-15,1.5619251658377252e1,1.4821735561285578e-6
2.6462672667440782e-17,1.3672330430229885e1,9.0332472725058782e-6
-4.9895948463861408e-19,1.1865654618338362e1,4.7465597680010990e-5
8.1284126570200288e-21,1.0195974675952340e1,2.1543903739789136e-4
-1.1401630845615470e-22,8.6603869040317783e0,8.4569598162219791e-4
1.3706878612215319e-24,7.2563015768202174e0,2.8725124056571371e-3
-1.4036742050399712e-26,5.9814158842185134e0,8.4391836354195651e-3
1.2147180620538213e-28,4.8336909381805802e0,2.1413307456980671e-2
-8.7903613717146722e-31,3.8113322388977449e0,4.6786640614965617e-2
5.2457399490198385e-33,2.9127731138975352e0,8.7578740627357414e-2
-2.5331541001303043e-35,2.1366607368767849e0,1.3927217557694389e-1
9.6390947493542781e-38,1.4818444087145021e0,1.8554694717258809e-1
-2.7788381259399721e-40,9.4736584488119720e-1,2.0211102937920638e-1
5.6982326574298812e-43,5.3245126459122504e-1,1.7179297603142249e-1
-7.3979002368450259e-46,2.3650512001676345e-1,1.0249630150744160e-1
4.5666050844722382e-49,5.9105340647305911e-2,3.0570832240761182e-2
-2.7001854701360574e0,1.5090120980598629e2,6.8827304572500660e-64
7.3805069517052236e1,1.3652774093638410e2,8.3738489779044628e-58
-5.9044055613641789e2,1.2519756385379572e2,5.5562007107957181e-53
2.1930649227924093e3,1.1551904370462955e2,7.442465014467808e-49
-4.6298037258950863e3,1.0695218642813006e2,3.370482060076271e-45
6.2291904675679343e3,9.9215061925732519e1,6.76937419935137e-42
-5.7500219700627086e3,9.2136634306801307e1,7.1142568998312e-39
3.8333479800418057e3,8.5603093887818276e1,4.3691801029640e-36
-1.9166739900209029e3,7.9533784306970296e1,1.6960219277175e-33
7.3976890842912040e2,7.3868866674100651e1,4.4110564950200e-31
-2.2545338161649384e2,6.8562375792829398e1,8.038998374741e-29
5.5249445297322600e1,6.3578027398415540e1,1.0636179081521e-26
-1.1049889059464520e1,5.8886544452231138e1,1.0512375191526e-24
1.8259075938716301e0,5.4463875878707918e1,7.945753868302e-23
-2.5184932329263863e-1,5.0289966507770794e1,4.683542197650e-21
2.9247018188822551e-2,4.6347881811307318e1,2.1886292234220e-19
-2.8803881549597967e-3,4.2623169070184599e1,8.222770341536e-18
2.4204942478653754e-4,3.9103380826035423e1,2.5138480615455e-16
-1.7445003588218922e-5,3.5777712606703007e1,6.3190288495432e-15
1.0829556883374769e-6,3.2636722932666005e1,1.31787240115301e-13
-5.8109817422986566e-8,2.9672113744549254e1,2.29840167266350e-12
2.7027822057203054e-9,2.6876555981422540e1,3.37515414027823e-11
-1.0920332144324466e-10,2.4243549431203392e1,4.19841795868321e-10
3.8387846575793683e-12,2.1767308965851080e1,4.447120148237609e-9
-1.1751381604834801e-13,1.9442671351946609e1,4.029501009522455e-8
3.1337017612892803e-15,1.7265018296410811e1,3.1355054631282380e-7
-7.2771013324569644e-17,1.5230212442698722e1,2.1023086909499898e-6
1.4701214813044372e-18,1.3334543802470957e1,1.2179255231162956e-5
-2.5791604935165566e-20,1.1574684676559864e1,6.1099650045721029e-5
3.9192386225266201e-22,9.9476515447157561e0,2.6586242105811351e-4
-5.1399850787234363e-24,8.4507727258910195e0,1.0044082927218408e-3
5.7900497558584535e-26,7.0816608574950908e0,3.2955322788940459e-3
-5.5673555344792823e-28,5.8381894328358707e0,9.3855668252240445e-3
4.5324468394675297e-30,4.7184727849999119e0,2.3163462644318188e-2
-3.0911828402165590e-32,3.7208490229946164e0,4.9386446016566640e-2
1.7415114592769347e-34,2.8438655196366834e0,9.0491653014799851e-2
-7.9521071199860030e-37,2.0862666260382894e0,1.4129091967421676e-1
2.8656241873823434e-39,1.4469833488365446e0,1.8536381532761697e-1
-7.8349260078806382e-42,9.2512477674059047e-1,1.9940441497108108e-1
1.5257889012425780e-44,5.1997108500213256e-1,1.6786224585678881e-1
-1.8836900015340470e-47,2.3096798197350181e-1,9.9465001544296339e-2
1.1070761102168951e-50,5.7722492526861835e-2,2.9544931169742820e-2
2.7162104504086727e0,1.5473787598873793e2,1.5158782815750320e-65
-7.6053892611442836e1,1.4023673389517741e2,2.0986765322112209e-59
6.2364191941383126e2,1.2879828579964935e2,1.5539383081594765e-54
-2.3757787406241191e3,1.1902108379206152e2,2.300542284333691e-50
5.1475206046855913e3,1.1036141826402766e2,1.144762392661139e-46
-7.1129375628382716e3,1.0253545518430594e2,2.51634649661256e-43
6.7481715339747705e3,9.5371019499005641e1,2.8862909788100e-40
-4.6273176232969855e3,8.8753550439782616e1,1.9307268277976e-37
2.3817076002263896e3,8.2601861723591421e1,8.151158805466e-35
-9.4711179424207306e2,7.6855721129681125e1,2.303189972028e-32
2.9766370676179439e2,7.1468859611255884e1,4.556772536525e-30
-7.5298328983220715e1,6.6404750359489406e1,6.541671826920e-28
1.5561654656532281e1,6.1633917287262831e1,7.013310080930e-26
-2.6601119070995352e0,5.7132141990607310e1,5.749452119076e-24
3.8001598672850503e-1,5.2879225611044260e1,3.675819678076e-22
-4.5765366143647918e-2,4.8858107849916842e1,1.863467585515e-20
4.6805488101458098e-3,4.5054223970549259e1,7.597601383839e-19
-4.0905636660097834e-4,4.1455025144020037e1,2.521731599569e-17
3.0709937432505881e-5,3.8049613806559972e1,6.885832111448e-16
-1.9893076879356036e-6,3.4828461823192550e1,1.5610670767958e-14
1.1159530932321679e-7,3.1783189453033752e1,2.9618521882025e-13
-5.4376451940437860e-9,2.8906389745223321e1,4.7360907095963e-12
2.3068797792913031e-10,2.6191487415178235e1,6.42178389488810e-11
-8.5360953905321115e-12,2.3632624261914300e1,7.42345090108897e-10
2.7582621159882673e-13,2.1224565278651675e1,7.35042573464512e-9
-7.7880342098492254e-15,1.8962621087573470e1,6.259670277953776e-8
1.9215759298612022e-16,1.6842583391932136e1,4.6010010199942650e-7
-4.1407696805089879e-18,1.4860670913195943e1,2.9276000922337151e-6
7.7834016550920825e-20,1.3013483853239584e1,1.6165899585341144e-5
-1.2737302533172315e-21,1.1297965349784332e1,7.7617449806107898e-5
1.8096713981556295e-23,9.7113687173974615e0,3.2448563598380057e-4
-2.2238665415122943e-25,8.2512295143437685e0,1.1821006080550461e-3
2.3521665342918497e-27,6.9153416672720606e0,3.7530605204350818e-3
-2.1276947392961101e-29,5.7017370353488107e0,1.0377167385569668e-2
1.6325023575161970e-31,4.6086679133583508e0,2.4943854129818897e-2
-1.0511081577569075e-33,3.6345920670690329e0,5.1956734880817519e-2
5.5995107338648042e-36,2.7781599694581476e0,9.3283474139144862e-2
-2.4214100470766721e-38,2.0382039674283359e0,1.4312747351865715e-1
8.2754957179653864e-41,1.4137291586456845e0,1.8503973926237104e-1
-2.1487817508511227e-43,9.0390579954687725e-1,1.9669741720507231e-1
3.9792254645391162e-46,5.0806310031001282e-1,1.6406362665873652e-1
-4.6773146806219409e-49,2.2568429216288275e-1,9.6578498008130363e-2
2.6203443588918436e-52,5.6402878012858497e-2,2.8575126238882006e-2
-2.7319567298599066e0,1.5857707314450871e2,3.3285078170302041e-67
7.8316092922650655e1,1.4395032220804433e2,5.2326754672696738e-61
-6.5785518055026550e2,1.3240541498596581e2,4.3155338048029887e-56
2.5687678478629415e3,1.2253123282276434e2,7.048925428244529e-52
-5.7083729952509811e3,1.1378040428723657e2,3.84747407017510e-48
8.0955107932650277e3,1.0586721912747233e2,9.2405533698707e-45
-7.8879335934377193e3,9.8618379991351148e1,1.1548565911456e-41
5.5591151039465831e3,9.1918586464682767e1,8.400181652206e-39
-2.9430609373834852e3,8.5686130744827768e1,3.850504118682e-36
1.2047617872330056e3,7.9860393849977361e1,1.179997725442e-33
-3.9011334062783040e2,7.4394808290181439e1,2.529989310356e-31
1.0176869755508619e2,6.9252609358270387e1,3.93391214563e-29
-2.1710655478418387e1,6.4404126057295694e1,4.56654460892e-27
3.8349305973274644e0,5.9824976456329062e1,4.05275603537e-25
-5.6673851192031494e-1,5.5494821591263684e1,2.80501319725e-23
7.0689964927695197e-2,5.1396478843229549e1,1.539630265148e-21
-7.4974205226343390e-3,4.7515274841131023e1,6.79824645032e-20
6.8043816507941900e-4,4.3838562752727551e1,2.444602092161e-18
-5.3127304180375057e-5,4.0355355315959951e1,7.235468718133e-17
3.5848383387567515e-6,3.7056041195493342e1,1.779067297232e-15
-2.0984419543941960e-7,3.3932162517318794e1,3.663547137237e-14
1.0689737530690257e-8,3.0976238111167179e1,6.3632803262835e-13
-4.7509944580845585e-10,2.8181621439921262e1,9.3808909430229e-12
1.8458997894500597e-11,2.5542385225694755e1,1.18026266906691e-10
-6.2785707124151691e-13,2.3053226887111028e1,1.273453571381232e-9
1.8712602907590308e-14,2.0709390390355173e1,1.183300225734849e-8
-4.8886335607637960e-16,1.8506601185571819e1,9.504139533209539e-8
1.1192831048213405e-17,1.6441011679477989e1,6.619301692358062e-7
-2.2441766512708581e-19,1.4509155270854469e1,4.0082538884355781e-6
3.9348509373539301e-21,1.2707907406321289e1,2.1149223727309065e-5
-6.0205369533284176e-23,1.1034452439762429e1,9.7402325190165002e-5
8.0150517555831468e-25,9.4862553280946943e0,3.9200772830057680e-4
-9.2481366410574771e-27,8.0610373887271769e0,1.3795489708796419e-3
9.2021260110024648e-29,6.7567554943495494e0,4.2449872237177147e-3
-7.8449497109995437e-31,5.5715841990181180e0,1.1411462956969850e-2
5.6824585431787440e-33,4.5039003835145767e0,2.6749025387138595e-2
-3.4596399045228274e-35,3.5522700833014742e0,5.4491909730510924e-2
1.7454039157953003e-37,2.7154372233405387e0,9.5954318051435385e-2
-7.1581842069527011e-40,1.9923140337942678e0,1.4479117948446163e-1
2.3233314530842912e-42,1.3819729616606280e0,1.8458831841213837e-1
-5.7366208718130647e-45,8.8363992759992212e-1,1.9399696889721675e-1
1.0114524017301907e-47,4.9668880609154301e-1,1.6039230296019798e-1
-1.1332800019385890e-50,2.2063703178678215e-1,9.3827423056616097e-2
6.0587008924810958e-54,5.5142256451727538e-2,2.7657217131508199e-2
2.7474353621120839e0,1.6241870587405574e2,7.2873244827315496e-69
-8.0591437288621128e1,1.4766833001334945e2,1.2982198917481138e-62
6.9308636068214170e2,1.3601870298124074e2,1.1904239428025334e-57
-2.7723454427285668e3,1.2604917256348817e2,2.141649934266866e-53
6.3147868417706244e3,1.1720875727524843e2,1.28014322600988e-49
-9.1851444971209082e3,1.0920989731968283e2,3.3538899926060e-46
9.1851444971209082e3,1.0187818925254431e2,4.559779497546e-43
-6.6482950645827526e3,9.5097603978271071e1,3.600705270407e-40
3.6174546674935566e3,8.8785920201325734e1,1.789142538196e-37
-1.5231388073657080e3,8.2882138430107803e1,5.93678783609e-35
5.0771293578856934e2,7.7339397853158820e1,1.377139601719e-32
-1.3646039380878544e2,7.2120700243143107e1,2.31539084799e-30
3.0021286637932796e1,6.7196183572892075e1,2.90513652429e-28
-5.4739667943809087e0,6.2541305928763877e1,2.78625949237e-26
8.3592596367393186e-1,5.8135591563507084e1,2.08389587204e-24
-1.0786141466760411e-1,5.3961738721057834e1,1.23612651201e-22
1.1848412974850452e-2,5.0004968501389499e1,5.89979046222e-21
-1.1151447505741602e-3,4.6252539145281798e1,2.29391666257e-19
9.0417141938445418e-5,4.2693376778800904e1,7.34427096830e-18
-6.3450625921716083e-6,3.9317789995749575e1,1.954404424463e-16
3.8689406049826880e-7,3.6117245990376438e1,4.358483365480e-15
-2.0565797235788375e-8,3.3084192672317205e1,8.204307799374e-14
9.5558249782451034e-10,3.0211915673506514e1,1.3118773552936e-12
-3.8895124795817257e-11,2.7494422206457824e1,1.7919431163815e-11
1.3891115998506163e-12,2.4926345851400285e1,2.10127688810089e-10
-4.3579971760019336e-14,2.2502867847080411e1,2.12452641366713e-9
1.2017699033967596e-15,2.0219651535638327e1,1.859170204271789e-8
-2.9133815839921445e-17,1.8072787396023064e1,1.412853022251904e-7
6.2064519959732402e-19,1.6058746679668059e1,9.350500095778983e-7
-1.1607625007080286e-20,1.4174342095427903e1,5.4022595709997225e-6
1.9028893454229976e-22,1.2416694318603320e1,2.7300237074312311e-5
-2.7281567676315378e-24,1.0783203349581832e1,1.2085232898251289e-4
3.4101959595394223e-26,9.2715239412705558e0,4.6911009994008666e-4
-3.7017052478039862e-28,7.8795444655001455e0,1.5974268493506596e-3
3.4713348444879666e-30,6.6053687073943501e0,4.7710098660139225e-3
-2.7938308607549027e-32,5.4473001710072236e0,1.2485803092141439e-2
1.9135827813389745e-34,4.4038285550266047e0,2.8573747613134123e-2
-1.1033270090603096e-36,3.4736181182974839e0,5.6987046285927884e-2
5.2790765983746871e-39,2.6554977045627550e0,9.8504924750476787e-2
-2.0561155203017282e-41,1.9484522366197580e0,1.4629117066109497e-1
6.3460355564868153e-44,1.3516155239530759e0,1.8402202858327438e-1
-1.4918684822772413e-46,8.6426425631137208e-1,1.9130899430291915e-1
2.5073419870205737e-49,4.8581307981837292e-1,1.5684352575987257e-1
-2.6809323571457617e-52,2.1581067297913420e-1,9.1203160792182077e-2
1.3692197942521766e-55,5.3936758119133980e-2,2.6787399237058264e-2
-2.7626567271329003e0,1.6626268439255617e2,1.5909934024025630e-70
8.2879701813987009e1,1.5139059193804576e2,3.2055440402966895e-64
-7.2934137596308568e2,1.3963791634374728e2,3.262489717907246e-59
2.9868265872773985e3,1.2957460419121984e2,6.45432672776889e-55
-6.9692620369805965e3,1.2064611386983556e2,4.2183027711394e-51
1.0390536127861980e4,1.1256306174074412e2,1.2037235546927e-47
-1.0656960131140493e4,1.0514995385781978e2,1.7775498674471e-44
7.9165989545615087e3,9.8290042967625022e1,1.521539045149e-41
-4.4239817687255490e3,9.1900601962249157e1,8.18274765193e-39
1.9144716426063779e3,8.5920256799759734e1,2.93543090425e-36
-6.5639027746504386e2,8.0301858208783206e1,7.35530597307e-34
1.8160995819190937e2,7.5008178577986509e1,1.33502443086e-31
-4.1164923856832790e1,7.0009168496712620e1,1.80758442591e-29
7.7404130329087298e0,6.5280129382926203e1,1.87032932838e-27
-1.2201636308033466e0,6.0800451797186353e1,1.50902732328e-25
1.6268848410711288e-1,5.6552717792557386e1,9.6566019344e-24
-1.8487327739444645e-2,5.2522045800743824e1,4.9728399968e-22
1.8021260653576293e-3,4.8695601956331687e1,2.08672289508e-20
-1.5153011960965051e-4,4.5062228591253264e1,7.21293005669e-19
1.1042680781270078e-5,4.1612157073844730e1,2.07325205446e-17
-7.0026756173907809e-7,3.8336782566171548e1,4.99675005528e-16
3.8774505079683172e-8,3.5228485035186529e1,1.017160899556e-14
-1.8799760038634265e-9,3.2280485359014454e1,1.760187256622e-13
7.9998978887805384e-11,2.9486728438246471e1,2.604192411999e-12
-2.9931590740335348e-12,2.6841787353282168e1,3.3107441134129e-11
9.8598181262281145e-14,2.4340784115244437e1,3.6329238182289e-10
-2.8620662195146922e-15,2.1979323640125365e1,3.45442512505765e-9
7.3238058142463503e-17,1.9753438364588846e1,2.85617440555463e-8
-1.6519862738901542e-18,1.7659541504549515e1,2.059623246237458e-7
3.2827313449599791e-20,1.5694387393455338e1,1.2986828681514055e-6
-5.7402952480174499e-22,1.3855037666896179e1,7.1757443469910437e-6
8.8176578310559906e-24,1.2138832312245186e1,3.4804315435244629e-5
-1.1869924003344603e-25,1.0543364796709658e1,1.4837680147390441e-4
1.3958300501445485e-27,9.0664606389143199e0,5.5644994998637803e-4
-1.4279591305826583e-29,7.7061589084831661e0,1.8363022725474945e-3
1.2641891699323333e-31,6.4606962327487095e0,5.3306481298050800e-3
-9.6209221456037542e-34,5.3284929654270915e0,1.3597444433677591e-2
6.2405981484997325e-36,4.3081412331443872e0,3.0413041419688543e-2
-3.4124938611071674e-38,3.3983946253276480e0,5.9437850603080811e-2
1.5506301218922539e-40,2.5981593336597683e0,1.0093656378517768e-1
-5.7430745255268665e-43,1.9064865809472645e0,1.4763632579410984e-1
1.6876504629817415e-45,1.3225662073473943e0,1.8335230588425982e-1
-3.7818497769898970e-48,8.4572130561024043e-1,1.8863853854991199e-1
6.0655168837047266e-51,4.7540381723698205e-1,1.5341263986133523e-1
-6.1956250088914470e-54,2.1119101898081810e-1,8.8697776350817659e-2
3.0259462802888630e-57,5.2782844528303636e-2,2.5962219043793050e-2
2.7776305860067493e0,1.7010892408564940e2,3.4641444207413940e-72
-8.5180671304206977e1,1.5511695225817787e2,7.8788382570784514e-66
7.6662604173786280e2,1.4326283540889741e2,8.885546283034401e-61
-3.2125281749015203e3,1.3310724670712874e2,1.93003662356385e-56
7.6743728622647429e3,1.2409213260809619e2,1.37713453516412e-52
-1.1720860371458880e4,1.1592631041903879e2,4.273886120370e-49
1.2321930134097797e4,1.0843321070542611e2,6.845126826196e-46
-9.3881372450268930e3,1.0149537816862942e2,6.34196652167e-43
5.3843728317066004e3,9.5029587248386924e1,3.68602980490e-40
-2.3930545918696002e3,8.8974095043511509e1,1.42741958971e-37
8.4326685618262101e2,8.3281468446722755e1,3.8577003626e-35
-2.3998108160137831e2,7.7914254379174305e1,7.5473429912e-33
5.5995585706988273e1,7.2842219483316382e1,1.10101496128e-30
-1.0848147658333910e1,6.8040511616698070e1,1.2271160358e-28
1.7634919838670889e0,6.3488390531888433e1,1.0663056962e-26
-2.4271717627417997e-1,5.9168324826973253e1,7.3489296747e-25
2.8500880547346891e-2,5.5065332909276355e1,4.0762990365e-23
-2.8740383745223756e-3,5.1166491402544725e1,1.8428052301e-21
2.5029163021366033e-4,4.7460561426126612e1,6.8645586570e-20
-1.8915426844757056e-5,4.3937699719340868e1,2.12721929926e-18
1.2456500605083915e-6,4.0589232047961401e1,5.52991887977e-17
-7.1731786430162080e-8,3.7407473133287983e1,1.21490324345e-15
3.6228174964728323e-9,3.4385581877607304e1,2.270492722466e-14
-1.6086516173052355e-10,3.1517443747128470e1,3.630538451528e-13
6.2923447615680979e-12,2.8797574317533809e1,4.992620868471e-12
-2.1714758392862455e-13,2.6221039502832580e1,5.931651113782e-11
6.6184314404950880e-15,2.3783389076796586e1,6.1132064135486e-10
-1.7827424755542325e-16,2.1480600889689535e1,5.4847930164393e-9
4.2446249417957916e-18,1.9309033769104271e1,4.29744386569347e-8
-8.9308298015574808e-20,1.7265387532042910e1,2.948499512826178e-7
1.6592798538412806e-21,1.5346668866935413e1,1.7755911166992493e-6
-2.7187381117727076e-23,1.3550162097766594e1,9.4032261494947977e-6
3.9212568919798667e-25,1.1873404038186448e1,4.3860374806151661e-5
-4.9658612833756792e-27,1.0314162295990715e1,1.8039282564477003e-4
5.5035120787624748e-29,8.8704165082594958e0,6.5465438313618344e-4
-5.3152631746599354e-31,7.5403420824975757e0,2.0966366438730525e-3
4.4496114856361712e-33,6.3222960950897093e0,5.9232595510870902e-3
-3.2069271968548982e-35,5.2148050595796412e0,1.4743582593752162e-2
1.9728191915033550e-37,4.2165543269623285e0,3.2262192061304935e-2
-1.0245085058115443e-39,3.3263789208302430e0,6.1840615261334541e-2
4.4268886053585247e-42,2.5432556437492510e0,1.0325094860429086e-1
-1.5610538720041815e-44,1.8662963191418863e0,1.4883523611907416e-1
4.3726999215803404e-47,1.2947420563887287e0,1.8258962640997871e-1
-9.3508685839729278e-50,8.2795844674182910e-1,1.8598988039471117e-1
1.4327173519876805e-52,4.6543161471301100e-1,1.5009510408138320e-1
-1.3994797089012752e-55,2.0676506444952190e-1,8.6303952541035573e-2
6.5426821360508424e-59,5.1677273728640631e-2,2.5178535352121499e-2
-2.7923661301850183e0,1.7395734510917891e2,7.5230490071112125e-74
8.7494138745797241e1,1.5884726414295391e2,1.9279818344745265e-67
-8.0494607646133462e2,1.4689325319852930e2,2.405511269930050e-62
3.4497688991200055e3,1.3664683551149822e2,5.7282173058616e-58
-8.4327684200711246e3,1.2754649215519277e2,4.4558208044177e-54
1.3185783347747577e4,1.1929926530939415e2,1.501816521593e-50
-1.4200074374497390e4,1.1172752452343779e2,2.605127866697e-47
1.1089581892464629e4,1.0471311618261489e2,2.60881531654e-44
-6.5232834661556638e3,9.8172323336819354e1,1.63638349131e-41
2.9755328091236361e3,9.2043039669119901e1,6.8309438769e-39
-1.0768594928256969e3,8.6277552642580612e1,1.9882946288e-36
3.1497076074743703e2,8.0838187427223781e1,4.1868681797e-34
-7.5592982579384888e1,7.5694529964910920e1,6.571021131e-32
1.5075523591330320e1,7.0821577474895425e1,7.876623576e-30
-2.5249645423902998e0,6.6198461600629158e1,7.360050132e-28
3.5838206408120385e-1,6.1807540033323161e1,5.454435087e-26
-4.3440250191661072e-2,5.7633733607129776e1,3.2534742609e-24
4.5265470787949353e-3,5.3664031830670439e1,1.5819340965e-22
-4.0779703412566984e-4,4.9887116983796462e1,6.3395895582e-21
3.1919336004438395e-5,4.6293073554231885e1,2.1142202219e-19
-2.1798570929860368e-6,4.2873160316064811e1,5.9174222812e-18
1.3035690257059356e-7,3.9619629196726406e1,1.40040470353e-16
-6.8470292259301668e-9,3.6525579639683663e1,2.82090174922e-15
3.1669885411332871e-10,3.3584840275810111e1,4.86506799348e-14
-1.2926483841360356e-11,3.0791871873199476e1,7.22150537076e-13
4.6636726015888342e-13,2.8141687059686084e1,9.26885714292e-12
-1.4891262298251720e-14,2.5629783407312657e1,1.0329578974713e-10
4.2116701449600825e-16,2.3252087266035588e1,1.0032126965561e-9
-1.0555564273082914e-17,2.1004906323437380e1,8.5185876927660e-9
2.3443100080488060e-19,1.8884889308031856e1,6.34225070145239e-8
-4.6117573928828971e-21,1.6888991587166039e1,4.15043083883040e-7
8.0286611038411932e-23,1.5014445665387463e1,2.392381602417375e-6
-1.2351786313601836e-24,1.3258735785893299e1,1.2167758923490791e-5
1.6759547236908868e-26,1.1619575990969748e1,5.4679841542720618e-5
-2.0002869677470090e-28,1.0094891117809227e1,2.1732165054752931e-4
2.0928555799365084e-30,8.6828003015687643e0,7.6431523443962604e-4
-1.9112836346452131e-32,7.3816026337962689e0,2.3787850496060907e-3
1.5152518905295383e-34,6.1897646857365610e0,6.5480555884651203e-3
-1.0357155779422682e-36,5.1059096558115386e0,1.5921380716151337e-2
6.0509186637328228e-39,4.1288079412449779e0,3.4116759130564631e-2
-2.9881079820902829e-41,3.2573689672915543e0,6.4192175553365923e-2
1.2293127166989115e-43,2.4906341353197634e0,1.0545016080609307e-1
-4.1321435855425598e-46,1.8277707742531113e0,1.4989618194878993e-1
1.1045558902813579e-48,1.2680669995111604e0,1.8174358134516928e-1
-2.2564982436799957e-51,8.1092740034274867e-1,1.8336663050099497e-1
3.3062245328644625e-54,4.5586949089623021e-1,1.4688650578724391e-1
-3.0913740372739247e-57,2.0252087300507952e-1,8.4014933155928390e-2
1.3847140144564053e-60,5.0617069877626285e-2,2.4433485449841869e-2
2.8068720258750519e0,1.7780787202752169e2,1.6296809692927597e-75
-8.9819904828001660e1,1.6258138897250587e2,4.697785441542972e-69
8.4430710538321560e2,1.5052897443756837e2,6.47461454250031e-64
-3.6988692235836112e3,1.4019312112025453e2,1.68784485893576e-59
9.2471730589590280e3,1.3100888971427803e2,1.4293416651977e-55
-1.4795476894334445e4,1.2268157038561476e2,5.224892709200e-52
1.6312961704009772e4,1.1503248563099943e2,9.80298020155e-49
-1.3050369363207818e4,1.0794279288985275e2,1.05964485606e-45
7.8686050572282432e3,1.0132829060787453e2,7.1634619993e-43
-3.6812187402237395e3,9.5126514266900545e1,3.2190734182e-40
1.3673098177973890e3,8.9289476106401197e1,1.0077596267e-37
-4.1073338400237771e2,8.3779283078793669e1,2.2808825500e-35
1.0131423472058650e2,7.8565343498749378e1,3.845699776e-33
-2.0782407122171590e1,7.3622506701353049e1,4.950742060e-31
3.5831736417537224e0,6.8929778753099533e1,4.967243063e-29
-5.2399098417043683e-1,6.4469408818233231e1,3.952359229e-27
6.5498873021304604e-2,6.0226222437049609e1,2.531273238e-25
-7.0452569300226801e-3,5.6187124221294501e1,1.3216592268e-23
6.5586475925136061e-4,5.2340719799720659e1,5.688850338e-22
-5.3106458238976567e-5,4.8677023592433522e1,2.0383315499e-20
3.7563104608056596e-6,4.5187229582764434e1,6.131715958e-19
-2.3294948594143626e-7,4.1863529140691847e1,1.5603615673e-17
1.2706335596805614e-8,3.8698964539333034e1,3.3815248276e-16
-6.1122058375013129e-10,3.5687309929997647e1,6.2781357811e-15
2.5987269717267487e-11,3.2822973710685262e1,1.00388768584e-13
-9.7834427170889363e-13,3.0100917756254294e1,1.389098484741e-12
3.2658807328453633e-14,2.7516590079779503e1,1.670360000879e-11
-9.6766836528751506e-16,2.5065868297232131e1,1.752072639933e-10
2.5464956981250396e-17,2.2745011860440900e1,1.6084687343169e-9
-5.9532336601403615e-19,2.0550621466582833e1,1.29621330353061e-8
1.2361905960947199e-20,1.8479604387717934e1,9.1932709856113e-8
-2.2786923430317417e-22,1.6529144720133751e1,5.75132903729413e-7
3.7247855607249624e-24,1.4696677751059131e1,3.179784109406714e-6
-5.3909153298597376e-26,1.2979867794387145e1,1.5560966896966842e-5
6.8937536187464675e-28,1.1376588968118072e1,6.7485445372544648e-5
-7.7676097112636253e-30,9.8849084821482269e0,2.5958515150658112e-4
7.6848497904434649e-32,8.5030720816113347e0,8.8598463528594365e-4
-6.6463565755186724e-34,7.2294913525838529e0,2.6829978739503436e-3
4.9972605830967461e-36,6.0627326468858379e0,7.2041177715466878e-3
-3.2439211834448206e-38,5.0015074234526987e0,1.7127994781502689e-2
1.8021784352471226e-40,4.0446638372476384e0,3.5972581573851739e-2
-8.4733631983408642e-43,3.1911794344226466e0,6.6489866406154882e-2
3.3228875287611232e-45,2.4401548355834746e0,1.0753658343160306e-1
-1.0658821263066955e-47,1.7908083084891627e0,1.5082711721439682e-1
2.7218644696289466e-50,1.2424711480484903e0,1.8082294734202199e-1
-5.3174397453068554e-53,7.9458379564861175e-1,1.8077181714555966e-1
7.4578397549885771e-56,4.4669264213839503e-1,1.4378257092688432e-1
-6.6811554356000690e-59,1.9844746957849363e-1,8.1824472188392634e-2
2.8699121286941877e-62,4.9599496484368258e-2,2.3724455531341388e-2
-2.8211564541368272e0,1.8166043348608203e2,3.5217648633122894e-77
9.2157777501803023e1,1.6631919572080347e2,1.1399825497155092e-70
-8.8471466401730902e2,1.5416981466550904e2,1.73297904595002e-65
3.9601513532203356e3,1.4374586800639181e2,4.9387564388924e-61
-1.0120386791563080e4,1.3447903959252819e2,4.547129542908e-57
1.6560632931648676e4,1.2607288992192021e2,1.800376921699e-53
-1.8683790999808763e4,1.1834770792320956e2,3.64880829779e-50
1.5302914533176701e4,1.1118397112367045e2,4.2518798784e-47
-9.4518001528444330e3,1.0449699989223044e2,3.0938753187e-44
4.5324421785569796e3,9.8223976511626062e1,1.4947118546e-41
-1.7266446394502779e3,9.2316642019228599e1,5.026182347e-39
5.3232522481075762e2,8.6736888515767686e1,1.221076148e-36
-1.3485572361872526e2,8.1453949604509624e1,2.208798831e-34
2.8431121218762591e1,7.6442529338146898e1,3.049582646e-32
-5.0419722358396714e0,7.1681510587897862e1,3.280800004e-30
7.5900657313715483e-1,6.7153036219778990e1,2.798784071e-28
-9.7750846540391152e-2,6.2841838605650752e1,1.921760045e-26
1.0842951044816498e-2,5.8734739520320023e1,1.075883634e-24
-1.0419652655679517e-3,5.4820269965620524e1,4.966282742e-23
8.7181979035375177e-5,5.1088376306533746e1,1.908767134e-21
-6.3791691977103788e-6,4.7530189756530075e1,6.161328779e-20
4.0973622753842965e-7,4.4137843174701137e1,1.6830878529e-18
-2.3176998729446526e-8,4.0904323751342183e1,3.9173249720e-17
1.1577779198798449e-9,3.7823353300621906e1,7.8152118112e-16
-5.1194261763394504e-11,3.4889290060807459e1,1.34368473780e-14
2.0076181083684119e-12,3.2097047444600640e1,2.00054892542e-13
-6.9931545139102883e-14,2.9442026289672394e1,2.59039296880e-12
2.1662296810765876e-15,2.6920057966617634e1,2.928319828021e-11
-5.9720617774041263e-17,2.4527356297687698e1,2.900011795848e-10
1.4659649015252677e-18,2.2260476685401436e1,2.5236916226218e-9
-3.2042948667218966e-20,2.0116281187234786e1,1.9350894663813e-8
6.2346751119012837e-22,1.8091908530221640e1,1.31045272876826e-7
-1.0790783847521453e-23,1.6184748258137330e1,7.85387649867343e-7
1.6593697458875142e-25,1.4392418358809650e1,4.172896571728471e-6
-2.2634199432395761e-27,1.2712745840773967e1,1.9682967485047027e-5
2.7324989254401321e-29,1.1143749824855731e1,8.2509863969002683e-5
-2.9113382767246460e-31,9.6836267931795495e0,3.0760238736899767e-4
2.7277403673816503e-33,8.3307376999496385e0,1.0201713248620408e-3
-2.2373810258769517e-35,7.0835966984306313e0,3.0094235323587064e-3
1.5976105994577390e-37,5.9408612794005682e0,7.8904136476056699e-3
-9.8617938238132036e-40,4.9013236498850746e0,1.8360595776319627e-2
5.2163470123020178e-42,3.9639032087119029e0,3.7825778796150189e-2
-2.3378586049532853e-44,3.1276399985174461e0,6.8731480576956325e-2
8.7490030658503058e-47,2.3916890332110624e0,1.0951284246205591e-1
-2.6810019609347209e-49,1.7553154162879326e0,1.5163566045209469e-1
6.5470133356159240e-52,1.2178901793592690e0,1.7983575216367124e-1
-1.2243129192362644e-54,7.7888678230986125e-1,1.7820796100257275e-1
1.6452133293208480e-57,4.3787822698000183e-1,1.4077917048841642e-1
-1.4134135131622406e-60,1.9453474551734781e-1,7.9726788273694280e-2
5.8273078258595778e-64,4.8622032818070142e-2,2.3049054758249256e-2
2.8352271471797555e0,1.8551496191411105e2,7.5928242704129271e-79
-9.4507571572658516e1,1.7006056039632527e2,2.755368761623205e-72
9.2617420141205346e2,1.5781559943185404e2,4.61349681211404e-67
-4.2339392064551015e3,1.4730485355185947e2,1.4354278280690e-62
1.1055285705743876e4,1.3795667190508872e2,1.435026139183e-58
-1.8492477907789757e4,1.2947290694108550e2,6.14645902992e-55
2.1337474508988181e4,1.2167282705313837e2,1.34393919410e-51
-1.7882835778961523e4,1.1443623857403817e2,1.6861622382e-48
1.1308263801402139e4,1.0767799008198494e2,1.3189898386e-45
-5.5549366041975422e3,1.0133491546530240e2,6.842277580e-43
2.1690704835438022e3,9.5358488410132104e1,2.468248243e-40
-6.8587208965811927e2,8.9710389377353697e1,6.42832556e-38
1.7832674331111101e2,8.4359680030499281e1,1.245919743e-35
-3.8612058380753381e1,7.9280921603042408e1,1.84243420e-33
7.0376658132407640e0,7.4452876016336174e1,2.12247796e-31
-1.0897030936630860e0,6.9857581930590683e1,1.93859509e-29
1.4446821317503035e-1,6.5479680536413225e1,1.42513649e-27
-1.6510652934289182e-2,6.1305912689896697e1,8.54252476e-26
1.6361908313259550e-3,5.7324736643612376e1,4.22255871e-24
-1.4131742672720799e-4,5.3526032567368351e1,1.738254707e-22
1.0684976167179141e-5,4.9900870765968703e1,6.01139765e-21
-7.0996519383250105e-7,4.6441327466223250e1,1.759961479e-19
4.1593920446752587e-8,4.3140336685811415e1,4.392032603e-18
-2.1547266836430572e-9,3.9991569856377282e1,9.399610347e-17
9.8941531391773036e-11,3.6989337067356175e1,1.7346130893e-15
-4.0352624567625081e-12,3.4128505347762980e1,2.7737258234e-14
1.4641736055016357e-13,3.1404430516874426e1,3.8600514884e-13
-4.7326823612174085e-15,2.8812899946341378e1,4.69348585634e-12
1.3640563196491278e-16,2.6350084175679725e1,5.00377022151e-11
-3.5078011726803987e-18,2.4012495771262272e1,4.692051781743e-10
8.0506912159878002e-20,2.1796954157852209e1,3.880660649803e-9
-1.6488870898080492e-21,1.9700555410724480e1,2.8379107922885e-8
3.0123898756108591e-23,1.7720646196302229e1,1.83899378659032e-7
-4.9048410457707340e-25,1.5854801204903340e1,1.057932038022094e-6
7.1084652837257014e-27,1.4100803541469577e1,5.411391574012746e-6
-9.1537581118399375e-29,1.2456627636978183e1,2.4642185163491587e-5
1.0449495561461116e-30,1.0920424320498572e1,9.9994248924689408e-5
-1.0543635161113919e-32,9.4905077539589533e0,3.6178630611953560e-4
9.3689170946330104e-35,8.1653439819550595e0,1.1673376940667498e-3
-7.2980853706975738e-37,6.9435408898982160e0,3.3581121406065835e-3
4.9554900665230440e-39,5.8238393974075377e0,8.6058123006981713e-3
-2.9124243705689356e-41,4.8051057416058727e0,1.9616388888926433e-2
1.4684492624717322e-43,3.8863247280547535e0,3.9672748540172937e-2
-6.2804566157572082e-46,3.0665938463819358e0,7.0915228517484219e-2
2.2453113539479294e-48,2.3451181639458355e0,1.1138175571595109e-1
-6.5796669712759836e-51,1.7212059247264116e0,1.5232909097511767e-1
1.5380240699569854e-53,1.1942647924998680e0,1.7878933568234672e-1
-2.7556982216474543e-56,7.6379868762475835e-1,1.7567714043550049e-1
3.5511575021230081e-59,4.2940517575087781e-1,1.3787232414166482e-1
-2.9281859427936574e-62,1.9077337471771715e-1,7.7716523766009137e-2
1.1596776011063990e-65,4.7682353053076634e-2,2.2405092454136053e-2

