1e0,0e0,0e0
-2.369580128666418e0,1.734055298879163e0,3.820062585284651e-1
2.099985712041991e0,7.539869079898871e-1,6.179937414715349e-1
4.213816460538476e0,2.220484543409827e0,8.661475544173477e-2
-8.018748837448237e0,1.287309029870267e0,5.878737647484881e-1
3.222915115872983e0,5.507554932505808e-1,3.255114798097771e-1
-6.501995408801263e0,2.639813333635586e0,1.530823956791865e-2
1.978462372726331e1,1.742437375162050e0,2.624503955161513e-1
-1.676208550595413e1,1.014332104566760e0,5.496198376952335e-1
4.130068463181765e0,4.238628193900528e-1,1.726215272206965e-1
9.208093672644249e0,3.014172467490103e0,2.325848310677874e-3
-3.957498385244903e1,2.145408222421013e0,8.059849418234906e-2
5.276515502807088e1,1.432854372673354e0,3.910351060727549e-1
-2.710129697825156e1,8.266625437735953e-1,4.303885022636605e-1
4.656223713479861e0,3.384095960694548e-1,9.565204917055759e-2
-1.231169059573852e1,3.355569460485549e0,3.187008664128108e-4
6.968992827463914e1,2.510418043596144e0,1.964359119652011e-2
-1.294644384061650e2,1.813832458287184e0,1.789793538861901e-1
1.036384339043855e2,1.208987335897926e0,4.308814665589063e-1
-3.684587359785428e1,6.899111472440117e-1,3.144607240624743e-1
4.749705367508299e0,2.777894381395164e-1,5.571616342949640e-2
1.579642692591390e1,3.671425279510608e0,4.048448517191664e-5
-1.125356457463974e2,2.846250992174051e0,4.081185602865505e-3
2.721538070979604e2,2.164505782336081e0,6.202058417878846e-2
-3.010164693960598e2,1.566494333295838e0,2.678397210684480e-1
1.657233046675599e2,1.038409736727032e0,4.076441843458272e-1
-4.397864486190894e1,5.864425438286869e-1,2.243543980530160e-1
4.461889076846308e0,2.330573287335084e-1,3.401944226588289e-2
-1.964881336911186e1,3.966720403265353e0,4.851505118887007e-6
1.706121813389389e2,3.158780677105240e0,7.535209100793761e-4
-5.141239560322256e2,2.490479841967435e0,1.768220740785707e-2
7.348520149511671e2,1.900969572329702e0,1.225745652329119e-1
-5.558054532431382e2,1.372615723971598e0,3.225635969644352e-1
2.273566212114926e2,9.041682182040568e-1,3.551390337718458e-1
-4.730483875889135e1,5.059526450205794e-1,1.596192752254783e-1
3.907364039057229e0,1.990000637984294e-1,2.166294898227343e-2
2.385745012493591e1,4.244994854860493e0,5.549928329009120e-7
-2.465040056058034e2,3.452158053324797e0,1.269728038315379e-4
8.975634080863863e2,2.795977077890247e0,4.356868836404519e-3
-1.588283510512323e3,2.215244804617891e0,4.511577174838308e-2
1.544564973542812e3,1.690321564523553e0,1.849888689497515e-1
-8.644293027751230e2,1.216033402657007e0,3.410603163100898e-1
2.762853546117040e2,7.960713739444719e-1,2.956593043080275e-1
-4.666402014811854e1,4.419446984218556e-1,1.143802965887825e-1
3.218499694441584e0,1.723990735308230e-1,1.431104546189666e-2
-2.841251201909715e1,4.508873956661538e0,6.112029882496220e-8
3.428725145179459e2,3.729441985537364e0,1.988531894560531e-5
-1.474430608575566e3,3.084208876618047e0,9.578663217570229e-4
3.134660665086940e3,2.512001841975460e0,1.408320926248684e-2
-3.756914723639971e3,1.992083005155480e0,8.412939588639322e-2
2.693368681388479e3,1.517073815957226e0,2.355752093078595e-1
-1.174103579166501e3,1.086935487983822e0,3.323427698323715e-1
3.038084069768712e2,7.074718987907389e-1,2.401949234927424e-1
-4.274719050716197e1,3.901088173894345e-1,8.293498273107983e-2
2.510826824016828e0,1.511749584213949e-1,9.761696726065352e-3
3.330539677160998e1,4.760369583820472e0,6.520548141201987e-9
-4.624499119544574e2,3.992961725191356e0,2.932414612998732e-6
2.307301153119034e3,3.357661775834936e0,1.920863463637292e-4
-5.763852633976373e3,2.793533584496316e0,3.860543167387789e-3
8.265842267005106e3,2.279227538234959e0,3.204309817297811e-2
-7.278670999315705e3,1.806061016164994e0,1.279869774191817e-1
4.052921960948740e3,1.371796161185106e0,2.680318755015593e-1
-1.426858758983212e3,9.788300256746094e-1,3.072815415615890e-1
3.069237592694729e2,6.337976010969141e-1,1.927905456828253e-1
-3.670772659772201e1,3.474769547766709e-1,6.096343397482035e-2
1.865289281842033e0,1.339333135146753e-1,6.846959238133618e-3
-3.852847592159258e1,5.001064345852165e0,6.771020609488949e-10
6.080341150436276e2,4.244538424183876e0,4.111539297107919e-7
-3.470193290543924e3,3.618297502056638e0,3.570031184819529e-5
1.001227552498614e4,3.061747147409180e0,9.522045799778776e-4
-1.680930217457367e4,2.553202370607423e0,1.059847989938742e-2
1.765701421796951e4,2.083178686850436e0,5.777030021415537e-2
-1.204489829697589e4,1.648082122029559e0,1.693587277672121e-1
5.404362745768876e3,1.248212462787292e0,2.822991379827053e-1
-1.578548472929197e3,8.871725178681002e-1,2.745812840376093e-1
2.881171776844032e2,5.717836646671108e-1,1.540298186807707e-1
-2.976450091583539e1,3.119441499718226e-1,4.545266808750057e-2
1.325479416992716e0,1.197093185599927e-1,4.921266607801291e-3
4.407491277317060e1,5.232230059794737e0,6.869346185619630e-11
-7.824844380307589e2,4.485627268529175e0,5.522052879895143e-8
5.049374201404294e3,3.867691051695487e0,6.223318299189409e-6
-1.659673240651566e4,3.318221657871238e0,2.151093359449790e-4
3.207430045187655e4,2.815362931621922e0,3.122998056138472e-3
-3.933243435066357e4,2.349123896578538e0,2.247271909186585e-2
3.193009603866654e4,1.915041818257086e0,8.849141142535253e-2
-1.751498756523299e4,1.512078837345213e0,2.029788026522358e-1
6.508183161787476e3,1.141892221499358e0,2.816787561763154e-1
-1.610391514333643e3,8.086537123902559e-1,2.399982352063528e-1
2.535215466611106e2,5.190323930938446e-1,1.230575633243892e-1
-2.292244189570372e1,2.819809611514169e-1,3.436413750770414e-2
9.042764109784221e-1,1.078172567472091e-1,3.613988616179370e-3
-4.993852568346791e1,5.454907142954683e0,6.829062839390927e-12
9.887178831833884e2,4.717412386908946e0,7.145789160646708e-9
-7.144149083003371e3,4.107126987482862e0,1.026952617761491e-6
2.645215271315398e4,3.564269841392235e0,4.510908572014759e-5
-5.805991202694394e4,3.066914608511937e0,8.353989214390362e-4
8.174687002853737e4,2.604745413720845e0,7.732754225400318e-3
-7.730155519751241e4,2.172725512295538e0,3.965198996928829e-2
5.036474198703063e4,1.768935099638603e0,1.204202877621314e-1
-2.284067185472563e4,1.393751191096408e0,2.263695781617970e-1
7.178962920281774e3,1.049575431521723e0,2.704808128845554e-1
-1.530089862212286e3,7.407927389206396e-1,2.068430380283886e-1
2.105640694788728e2,4.737434135800673e-1,9.858526136152602e-2
-1.684655804532388e1,2.564530080560638e-1,2.632984396507578e-2
5.941352199976428e-1,9.775832541536744e-2,2.704891529441951e-3
5.611368301042246e1,5.669959644549761e0,6.668706910989335e-13
-1.229705914788379e3,4.940872366267344e0,8.951275661782855e-10
9.867634718632877e3,4.337667750774564e0,1.615913302243488e-7
-4.077331256003573e4,3.800990785536686e0,8.873025570190207e-6
1.005317610679517e5,3.308908634273659e0,2.057961531886746e-4
-1.603800273272444e5,2.850896342293815e0,2.399632225648788e-3
1.737727292008892e5,2.421528624631235e0,1.563924575121795e-2
-1.316473891343163e5,2.018287056899240e0,6.108964745208700e-2
7.080068534828283e4,1.640683128432131e0,1.500383295186866e-1
-2.712128244958062e4,1.289917910956831e0,2.393515227651068e-1
7.333228976002274e3,9.687889833566833e-1,2.527004244476459e-1
-1.364691647705691e3,6.816876244985408e-1,1.767458701244824e-1
1.660071429969755e2,4.345400098612229e-1,7.933202675842197e-2
-1.186230941653595e1,2.345037566887569e-1,2.042948490938142e-2
3.769508893427899e-1,8.916223719014559e-2,2.058984381437735e-3
-6.259522078203416e1,5.878114489155572e0,6.409480135489140e-14
1.508471624353772e3,5.156826768007482e0,1.089581342537335e-10
-1.334751893725783e4,4.560203031431090e0,2.438758816429528e-8
6.106061280379779e4,4.029312272760483e0,1.650736880047385e-6
-1.675812667279635e5,3.542256017930265e0,4.721411674110536e-5
2.996634975167780e5,3.088376381635592e0,6.816109420975143e-4
-3.671927740332095e5,2.661980315279350e0,5.536298984650151e-3
3.182119815013300e5,2.260132964654088e0,2.719108618697725e-2
-1.986978078076594e5,1.881745606015598e0,8.492421670584267e-2
9.014362167713016e4,1.527188184719962e0,1.748345970572039e-1
-2.967032007918812e4,1.198149260240153e0,2.431661692023888e-1
6.997147199309558e3,8.976124329697087e-1,2.314950456336502e-1
-1.149887738935262e3,6.298538771405607e-1,1.503054123072517e-1
1.248154823650713e2,4.003530517087630e-1,6.418646137362283e-2
-8.029490964717249e0,2.154761962759740e-1,1.603903345735568e-2
2.314748490958107e-1,8.174913389984520e-2,1.591178798727832e-3
6.937837706513974e1,6.079990146785062e0,6.073339192523793e-15
-1.828087217385184e3,5.365969961596566e0,1.292831964320638e-11
1.772680715718746e4,4.775486102331700e0,3.547184522822388e-9
-8.916998758994061e4,4.250024009176387e0,2.924093777967520e-7
2.703037152203435e5,3.767746013746475e0,1.017862715442268e-5
-5.369281805216028e5,3.317912637539017e0,1.793030790942221e-4
7.361586779535623e5,2.894644071377686e0,1.785737816850266e-3
-7.203571645142262e5,2.494709809993946e0,1.082643293414863e-2
5.138256019463785e5,2.116595322805667e0,4.209593186544351e-2
-2.703149662475417e5,1.760082875875663e0,1.090440437981946e-1
1.052541390416819e5,1.426075346075041e0,1.934893167492237e-1
-3.018538062512833e4,1.116543753155832e0,2.396893559095330e-1
6.280361228889325e3,8.345267892175389e-1,2.091160563707484e-1
-9.201664047235450e2,5.841156183454746e-1,1.275434494429657e-1
8.984861067131620e1,3.703410848715994e-1,5.224258323303400e-2
-5.239755264555069e0,1.988592335874087e-1,1.273084319810259e-2
1.378544495992151e-1,7.530410368917264e-2,1.246471006010181e-3
-7.645873886511450e1,6.276118020507113e0,5.681541398904922e-16
2.191671767959854e3,5.568896254339478e0,1.499259531896836e-12
-2.316455703787512e4,4.984161020388685e0,4.992167213927374e-10
1.273670125007310e5,4.463803578623273e0,4.959098111756857e-8
-4.236099641678943e5,3.986064172603622e0,2.077086667085300e-6
9.276413846387595e5,3.540157057731181e0,4.409406601258905e-5
-1.410508799827271e6,3.120071385986063e0,5.311209853337644e-4
1.542109391862743e6,2.722363265694063e0,3.914547989423883e-3
-1.240432694488565e6,2.345210031438589e0,1.862507627586952e-2
7.445803588183534e5,1.987969988904324e0,5.951153831557005e-2
-3.358407768534960e5,1.650980024487288e0,1.315573285915333e-1
1.138291895728773e5,1.335477310394527e0,2.057060248225061e-1
-2.877504809236499e4,1.043584526378283e0,2.308944939776032e-1
5.333316390304810e3,7.783125118181204e-1,1.870394309967650e-1
-7.023984353107396e2,5.435297097138996e-1,1.081922730664462e-1
6.213043116539598e1,3.438339748224744e-1,4.278511399277160e-2
-3.304565723234618e0,1.842502331648211e-1,1.020834541958078e-2
7.976469515594266e-2,6.965973876144639e-2,9.884843222192796e-4
8.383219860109746e1,6.466958694913392e0,5.253626069802351e-17
-2.602389198869991e3,5.766118902015891e0,1.703069460495167e-13
2.983660212710141e4,5.186783312857693e0,6.820785577690102e-11
-1.783852781848566e5,4.671236765820067e0,8.089159444136995e-9
6.471873180161773e5,4.197808346190549e0,4.036286318408065e-7
-1.552230543631155e6,3.755690757281625e0,1.021531732507891e-5
2.597959384370109e6,3.338781286348427e0,1.470745454650745e-4
-3.145712173354213e6,2.943480042470288e0,1.300845962615242e-3
2.823639681404469e6,2.567737549297714e0,7.465678464084989e-3
-1.909234607083014e6,2.210600623774713e0,2.895360163231360e-2
9.815913217854261e5,1.871991430076766e0,7.827059319862122e-2
-3.850408937691801e5,1.552608768309521e0,1.510607204735733e-1
1.149390584549251e5,1.253896410765756e0,2.119050119511226e-1
-2.586349516542590e4,9.780427104334534e-1,2.185561222743760e-1
4.305875996377352e3,7.279782392189208e-1,1.661513316447941e-1
-5.133740874483548e2,5.073314616188562e-1,9.186374554275346e-2
4.138995340407678e1,3.202923546868696e-1,3.525866808847818e-2
-2.018545572870117e0,1.713283554913934e-1,8.263321021354639e-3
4.491201685587583e-2,6.468395154559611e-2,7.926580969529380e-4
-9.149491801679650e1,6.652914480065037e0,4.806779104125058e-18
3.063446453687410e3,5.958084725358379e0,1.898611708164641e-14
-3.793626527874923e4,5.383835937429417e0,9.072975331865019e-12
2.454890924473291e5,4.872833565375960e0,1.274006370921435e-9
-9.666258348856407e5,4.403502310433753e0,7.506851438273313e-8
2.524834368220848e6,3.965030836542534e0,2.243740747785469e-6
-4.621613863834987e6,3.551252626001966e0,3.822037896196981e-5
6.151808177557039e6,3.158452672963779e0,4.011938643718068e-4
-6.108575068355275e6,2.784412132228943e0,2.743679746574122e-3
4.604367528347594e6,2.427945210518580e0,1.274229336303891e-2
-2.664045646281978e6,2.088665222716431e0,4.149158872015478e-2
1.190120614860680e6,1.766870508160974e0,9.713063533367392e-2
-4.108294315541717e5,1.463497738743898e0,1.667167143355423e-1
1.090836684467446e5,1.180112054467581e0,2.129169379952847e-1
-2.203310671305096e4,9.189100069479831e-1,2.041264954229476e-1
3.318640208131925e3,6.827095441635743e-1,1.469221966101688e-1
-3.604249623020393e2,4.748949366952018e-1,7.814239075129182e-2
2.662979594570979e1,2.992779399520995e-1,2.923546973310762e-2
-1.196498510211238e0,1.598352666777577e-1,6.747769205315093e-3
2.464296513258369e-2,6.027130693439764e-2,6.420944472061040e-4
9.944329794811255e1,6.834339234516215e0,4.355513104551557e-19
-3.578091833588758e3,6.145185511273522e0,2.080660687098863e-15
4.767506252361653e4,5.575741758903145e0,1.177847121340086e-12
-3.325405711558515e5,5.069040887404314e0,1.943731284420320e-10
1.414727036367857e6,4.603607155036794e0,1.341936603231275e-8
-4.004369480412711e6,4.168637712918157e0,4.697530482554929e-7
7.971744528517805e6,3.757922660984413e0,9.382921622418356e-6
-1.159101104142241e7,3.367661550330388e0,1.157622801818339e-4
1.263886878215076e7,2.995507544469416e0,9.335189576758634e-4
-1.052826896283564e7,2.640098640893952e0,5.132650640025431e-3
6.784510213356895e6,2.300814683568854e0,1.987857607284630e-2
-3.408085561371113e6,1.977651951186608e0,5.565079144468637e-2
1.338828349050697e6,1.671164308614070e0,1.149740425444178e-1
-4.107979315933763e5,1.382443049254820e0,1.782016773741496e-1
9.784529937114116e4,1.113116297632843e0,2.097405122333562e-1
-1.786909099027927e4,8.653502113455838e-1,1.887164143332713e-1
2.450319249525746e3,6.418312129253292e-1,1.295463619326694e-1
-2.437464041437981e2,4.457033966802809e-1,6.663265503013291e-2
1.658343857556889e1,2.804314704971668e-1,2.438698656948726e-2
-6.893993801306212e-1,1.495609733644729e-1,5.555218258766100e-3
1.319341096341623e-2,5.633675306249920e-2,5.249660387438626e-4
-1.076739527632230e2,7.011546156241972e0,3.911591835168378e-20
4.149613476762238e3,6.327767021685602e0,2.244641224284729e-16
-5.928339799812599e4,5.762873420549411e0,1.495417005353734e-13
4.440711759378731e5,5.260252723308630e0,2.880878872789352e-11
-2.033012693159709e6,4.798530736019389e0,2.314115036104607e-9
6.208351214006198e6,4.366922109878953e0,9.417138348175221e-8
-1.337602820677363e7,3.959188630190630e0,2.188216441183144e-6
2.112793990732087e7,3.571466293507044e0,3.146269862807362e-5
-2.513943257472917e7,3.201310607205006e0,2.964509141747759e-4
2.297460176185701e7,2.847224415128473e0,1.910630842247485e-3
-1.634773299722250e7,2.508408663934670e0,8.707124122045292e-3
9.139009350155156e6,2.184628727413253e0,2.880758043684565e-2
-4.034060452932960e6,1.876146123608064e0,7.069134397215450e-2
1.407663839290286e6,1.583689188371128e0,1.309283966436721e-1
-3.872091658832780e5,1.308446194044090e0,1.855905315916951e-1
8.333966698354719e4,1.052067605846392e0,2.033786873872573e-1
-1.384886340481146e4,8.166634771271354e-1,1.731289514701438e-1
1.738496430297294e3,6.047789308236418e-1,1.140448328650455e-1
-1.591711730823225e2,4.193269611361695e-1,5.697985297373918e-2
1.001512253490978e1,2.634561017199876e-1,2.046082791355212e-2
-3.866982591114764e-1,1.403332800902325e-1,4.608178141090295e-3
6.900132847407281e-3,5.281101821924800e-2,4.328632968104990e-4
1.161836885732273e2,7.184814033075442e0,3.484131868915011e-21
-4.781337962095670e3,6.506136195316436e0,2.386792764172400e-17
7.301125047029889e4,5.945561240405412e0,1.860211042125499e-14
-5.853577544681243e5,5.446818346302992e0,4.158161519981684e-12
2.873452051704943e6,4.988635506990928e0,3.861702467360294e-10
-9.429961349189284e6,4.560251372569703e0,1.814743075622970e-8
2.189332314957387e7,4.155410658940203e0,4.870996129076304e-7
-3.738555490152181e7,3.770202188435949e0,8.100748974505255e-6
4.827698144042648e7,3.402106405584112e0,8.846656987287576e-5
-4.810148250797630e7,3.049521377977561e0,6.625965880920556e-4
3.751967709559817e7,2.711509299537897e0,3.520072104922350e-3
-2.314325706640404e7,2.387656819260498e0,1.362500875745768e-2
1.136103603441947e7,2.077999579119419e0,3.927365340347738e-2
-4.451698090869117e6,1.782985325556717e0,8.584109982952423e-2
1.391768990269578e6,1.503460512675147e0,1.444110009516910e-1
-3.457537601956031e5,1.240669571755035e0,1.892270062691825e-1
6.767789869995131e4,9.962568006519031e-1,1.947433780517541e-1
-1.029049733155996e4,7.722594159070423e-1,1.579136378555604e-1
1.188423282275151e3,5.710776752280794e-1,1.003367548161586e-1
-1.005839090479455e2,3.954054931647669e-1,4.887673405158515e-2
5.875725132854612e0,2.481047492484353e-1,1.726264283801580e-2
-2.114497748266862e-1,1.320098454450880e-1,3.849621784369730e-3
3.528995379711808e-3,4.963718440220194e-2,3.597197419708658e-4
-1.249694845172139e2,7.354392309507480e0,3.079822625300216e-22
5.476629021904149e3,6.680566965860487e0,2.504270069167766e-18
-8.912885194661751e4,6.124099591526972e0,2.270821063341389e-15
7.625031371525843e5,5.629048979862802e0,5.857241437925531e-13
-4.000426550735224e6,5.174245015671088e0,6.253120492518835e-11
1.405891312757594e7,4.748955023989488e0,3.373053717145209e-9
-3.503711502619054e7,4.346915124020075e0,1.039198323954558e-7
6.440604284878072e7,3.964179377886416e0,1.985550362328488e-6
-8.983022350967823e7,3.598170234038814e0,2.495273733213688e-5
9.705368757696271e7,3.247203797046385e0,2.155327721901508e-4
-8.247123793434943e7,2.910233480746560e0,1.323943020977083e-3
5.572494490366943e7,2.586706006986209e0,5.942857676285505e-3
-3.016343823873841e7,2.276480532880303e0,1.993147617038207e-2
1.313630426468852e7,1.979785745817159e0,5.087777097283467e-2
-4.609124121861163e6,1.697200644538983e0,1.003920570378350e-1
1.300713407553536e6,1.429649578008495e0,1.551176197685456e-1
-2.937232492672830e5,1.178403787986081e0,1.896076668981699e-1
5.258253623426764e4,9.450814269864760e-1,1.846107271115687e-1
-7.352144075139541e3,7.316364870047446e-1,1.434231748033976e-1
7.845742605573730e2,5.403249935896104e-1,8.828698740460425e-2
-6.162553996143497e1,3.736353361998530e-1,4.206267820808178e-2
3.353980826888064e0,2.341703417756110e-1,1.464222667313396e-2
-1.128522308794805e-1,1.244721281788481e-1,3.237135329508441e-3
1.766670307805887e-3,4.676810446763568e-2,3.011005087855858e-4
1.340284765778108e2,7.520505232881837e0,2.703216268897012e-23
-6.238886350894480e3,6.851305007655801e0,2.595183602450813e-19
1.079273587955957e5,6.298752105105615e0,2.724184492605429e-16
-9.825213421791706e5,5.807223262363316e0,8.067057497428143e-14
5.492951752273880e6,5.355649309352091e0,9.848586202424186e-12
-2.060672500915323e7,4.933329585397516e0,6.064842924587035e-10
5.493594791249776e7,4.533998045926435e0,2.132427842749182e-8
-1.082948472443310e8,4.153683505784569e0,4.652636038838940e-7
1.624527508138299e8,3.789763473762704e0,6.685461092074417e-6
-1.894204746177151e8,3.440489457049862e0,6.614439721098588e-5
1.744086751306956e8,3.104728777587224e0,4.663994832038373e-4
-1.282949442398308e8,2.781817462720880e0,2.409208037871515e-3
7.602367378661356e7,2.471475315431407e0,9.324194495633614e-3
-3.648586136317979e7,2.173758308262847e0,2.754986271245279e-2
1.422057523988427e7,1.889034482929233e0,6.313872190301375e-2
-4.501550827390609e6,1.617974726029627e0,1.137629059146305e-1
1.154181298149069e6,1.361552000567472e0,1.629786611157412e-1
-2.382637793456847e5,1.121043074424391e0,1.872915790143860e-1
3.920661932931419e4,8.980260965102573e-1,1.736093989450065e-1
-5.063402394382020e3,6.943659657319781e-1,1.298641652311534e-1
5.012638070435548e2,5.121779038936720e-1,7.773654338076595e-2
-3.666932209543242e1,3.537589287817362e-1,3.631949061875562e-2
1.865336782646370e0,2.214782395231518e-1,1.248297327621325e-2
-5.885266955738749e-2,1.176207250819622e-1,2.738855409232194e-3
8.664701855355705e-4,4.416443254261102e-2,2.537233993407223e-4
-1.433579434974452e2,7.683355275576157e0,2.357049511596563e-24
7.071544500528571e3,7.018571640616465e0,2.658586410685828e-20
-1.297195157825986e5,6.469755949862739e0,3.215627378590976e-17
1.253427439209142e6,5.981591758291404e0,1.088146343502012e-14
-7.447176879735937e6,5.533109450317927e0,1.511893390143179e-12
2.973707932556679e7,5.113642729174978e0,1.057604770922131e-10
-8.453950393735625e7,4.716928299558081e0,4.221753311561449e-9
1.781070354800135e8,4.338977089831243e0,1.046109945682780e-7
-2.862786196919284e8,3.977131771560589e0,1.708801680687969e-6
3.587394029476300e8,3.629592636623796e0,1.924708713306329e-5
-3.562250085371563e8,3.295158308336176e0,1.547856667128376e-4
2.837487205582708e8,2.973076423021968e0,9.138238908371316e-4
-1.829386662889906e8,2.662955668669560e0,4.051662127973491e-3
9.606065262686398e7,2.364714539725957e0,1.374951354973770e-2
-4.123764152467863e7,2.078553271354210e0,3.629331479822234e-2
1.449348901304565e7,1.804940789851056e0,7.555455953276635e-2
-4.166451677413759e6,1.544611042020165e0,1.255281668036488e-1
9.761509000849130e5,1.298563989717419e0,1.681021362939586e-1
-1.851489111407814e5,1.068066451548703e0,1.828372152610393e-1
2.812967929851474e4,8.546471706648707e-1,1.622280585317413e-1
-3.368931335467154e3,6.600793100237370e-1,1.173388300421964e-1
3.105091760675794e2,4.863425232575555e-1,6.852125398895137e-2
-2.122371572448580e1,3.355565971144785e-1,3.146595896842269e-2
1.012040406570285e0,2.098802835329320e-1,1.069390810180094e-2
-3.002049609944046e-2,1.113717456868404e-1,2.330616148400836e-3
4.166754294601339e-4,4.179310598241105e-2,2.151314647450632e-4
1.529552944522722e2,7.843125981971309e0,2.042569223870693e-25
-7.978071849546184e3,7.182567069302114e0,2.694416664494610e-21
1.548403133745818e5,6.637325379444146e0,3.738988462574214e-18
-1.584332120410392e6,6.152380708426201e0,1.439623803642432e-15
9.979183016635469e6,5.706861304565981e0,2.266445396825025e-13
-4.230201029484435e7,5.290136845849015e0,1.792761530607242e-11
1.278805158258595e8,4.895950553861785e0,8.086094748227734e-10
-2.870504049620004e8,4.520301214182199e0,2.264204509245025e-8
4.927072483612313e8,4.160504557832485e0,4.182483240084382e-7
-6.610733501906431e8,3.814720089193698e0,5.333614889921957e-6
7.050056029767206e8,3.481691223321647e0,4.863649402229849e-5
-6.052511286802277e8,3.160594422970122e0,3.261718762226131e-4
4.223028839739350e8,2.850948980200888e0,1.646036759644844e-3
-2.411361613161070e8,2.552562968102286e0,6.371807958263732e-3
1.132025445306903e8,2.265502007273613e0,1.923056035905413e-2
-4.380120106644476e7,1.990072963508073e0,4.589113548884998e-2
1.397400347077058e7,1.726817405437141e0,8.765374804607316e-2
-3.669200098809570e6,1.476510860289058e0,1.354206882746478e-1
7.895337725012353e5,1.240164188929131e0,1.707165549946384e-1
-1.382148921146412e5,1.019023051077376e0,1.767630322276244e-1
1.946654372787720e4,8.145606592920913e-1,1.508323680743573e-1
-2.169843172335371e3,6.284580919913219e-1,1.058775158439515e-1
1.868021539116129e2,4.625657790339253e-1,6.048260659207829e-2
-1.196515242637781e1,3.188400139306122e-1,2.735229221378565e-2
5.362645614148454e-1,1.992500856791126e-1,9.203679439791004e-3
-1.499238007828680e-2,1.056539676809047e-1,1.993924072954642e-3
1.966137254263926e-4,3.962616374730026e-2,1.834659520159946e-4
-1.628180582073929e2,7.999984354152686e0,1.759842356685474e-26
8.961969642718487e3,7.343473089623888e0,2.703406180816855e-22
-1.836476386420738e5,6.801654694458262e0,4.286814771628412e-19
1.985541026070938e6,6.319795167959174e0,1.870557596270981e-16
-1.322810167346569e7,5.877118735668935e0,3.323258137942776e-14
5.938473782961614e7,5.463032106107328e0,2.960011308308285e-12
-1.904044033509096e8,5.071287913357903e0,1.501966981061231e-10
4.540979402859369e8,4.697877314647713e0,4.730951962646633e-9
-8.298151027519069e8,4.340095329432063e0,9.835491886945683e-8
1.188121869586480e9,3.996068882955722e0,1.412929299864504e-6
-1.355795644084293e9,3.664496757782739e0,1.453282590704182e-5
1.249325118298000e9,3.344497680150931e0,1.100996630821400e-4
-9.389800894425403e8,3.035518430080710e0,6.287506228704133e-4
5.799448784761120e8,2.737277640533483e0,2.759406145018308e-3
-2.959160530324753e8,2.449732056044292e0,9.460860680569343e-3
1.251545371041493e8,2.173057541214917e0,2.570306971778140e-2
-4.393862990601325e7,1.907639949967064e0,5.602222419009917e-2
1.279862885318764e7,1.654072351598006e0,9.903101019231611e-2
-3.085299064746847e6,1.413155642687689e0,1.433163192301122e-1
6.125193711941585e5,1.185899539764427e0,1.711211337754637e-1
-9.936779960698826e4,9.735205131749132e-1,1.695263118530035e-1
1.302118379430338e4,7.774325441672716e-1,1.396853610768993e-1
-1.355272548731234e3,5.992258938416254e-1,9.546306960267041e-2
1.093052956382913e2,4.406287284588213e-1,5.347352689024788e-2
-6.578689734184516e0,3.034469450650886e-1,2.385497230451604e-2
2.778142368342418e-1,1.894792715462033e-1,7.956022559719124e-3
-7.336635219371635e-3,1.004065860706608e-1,1.714505757074162e-3
9.109677591577171e-5,3.763981818079803e-2,1.573067442890094e-4
1.729438735287700e2,8.154082864528293e0,1.508037774958860e-27
-1.002677109098797e4,7.501455366200417e0,2.686965433085098e-23
2.165229200581772e5,6.962920732465299e0,4.850615268678112e-20
-2.468658870666433e6,6.484021648788306e0,2.389820953778128e-17
1.735957607788585e7,6.044076309955619e0,4.773310033682484e-15
-8.235003923153994e7,5.632529091669437e0,4.768893030537360e-13
2.793804315119449e8,5.243144266217582e0,2.711375500190365e-11
-7.061238770934930e8,4.871908932572267e0,9.566889227162330e-10
1.369981990931037e9,4.516102352235475e0,2.228681136719541e-8
-2.086914439980210e9,4.173825392245637e0,3.590230417908737e-7
2.539734639985759e9,3.843740575316242e0,4.145349787250015e-6
-2.502712887812154e9,3.524919484591774e0,3.529972317817455e-5
2.017895129892704e9,3.216749646272183e0,2.269255340797710e-4
-1.341853930451034e9,2.918876680000524e0,1.122914302807090e-3
7.402470409471073e8,2.631168581925019e0,4.348521885868845e-3
-3.401360353950693e8,2.353694544135417e0,1.336818285502428e-2
1.304733631556293e8,2.086713596045638e0,3.303473939309832e-2
-4.180565285042829e7,1.830669845849501e0,6.634876955683244e-2
1.117571993132181e7,1.586191792775962e0,1.093673383249088e-1
-2.484741569154928e6,1.354093359730862e0,1.492089495531788e-1
4.569848479157522e5,1.135374112850508e0,1.696463673992149e-1
-6.895436284203199e4,9.312156977379484e-1,1.615148860948418e-1
8.434765380151549e3,7.429709597065866e-1,1.289676471995198e-1
-8.222160709782778e2,5.721417275837529e-1,8.604856664075720e-2
6.229363111846669e1,4.203411337957231e-1,4.736099161679703e-2
-3.531689249282763e0,2.892370001771629e-1,2.087223015267646e-2
1.408444341923365e-1,1.804744615209351e-1,6.906327428139708e-3
-3.520793553704347e-3,9.557741812422092e-2,1.481255860929766e-3
4.147110235031505e-5,3.581371960721114e-2,1.355588342219688e-4
-1.833304806678796e2,8.305561164286230e0,1.285673189846542e-28
1.117604052705325e4,7.656665360645445e0,2.647054975081284e-24
-2.538717664700443e5,7.121284974298230e0,5.421156462266055e-21
3.046698413979379e6,6.645230357365102e0,3.005334369712003e-18
-2.256958818474054e7,6.207911598573214e0,6.724943904975431e-16
1.129031302552796e8,5.798811059871871e0,7.509231629312209e-14
-4.044103093579054e8,5.411706358680696e0,4.766062397095093e-12
1.080703176519115e9,5.042583373369158e0,1.876541258084908e-10
-2.220495813936068e9,4.688709575526275e0,4.878871787441200e-9
3.588915847975221e9,4.348164997784963e0,8.776525531617364e-8
-4.644078639525151e9,4.019582591430784e0,1.132581056482926e-6
4.877909079381820e9,3.701995226782972e0,1.079116505459025e-5
-4.203781188288638e9,3.394741686417431e0,7.771908744020575e-5
2.997404678839979e9,3.097407556676903e0,4.314734826438831e-4
-1.779500698705265e9,2.809787958989283e0,1.877459560958603e-3
8.836504799011707e8,2.531864602874746e0,6.495518880972733e-3
-3.681077627449846e8,2.263792557484039e0,1.809454750010710e-2
1.288232901997076e8,2.005893696157881e0,4.104048664751780e-2
-3.786838683490393e7,1.758654562397776e0,7.654534603644100e-2
9.333464528764656e6,1.522726725475876e0,1.184364015441305e-1
-1.921797433049872e6,1.298927688206062e0,1.531822716466822e-1
3.286472533114437e5,1.088240167021788e0,1.666252529822934e-1
-4.627754698692590e4,8.918071652921104e-1,1.530472176971922e-1
5.300270151950764e3,7.109198155535966e-1,1.187956390652377e-1
-4.852203677036570e2,5.469946501517916e-1,7.756986524266888e-2
3.462001115443257e1,4.015370265906324e-1,4.202672283608357e-2
-1.853115942813226e0,2.760881729822545e-1,1.832019010833022e-2
6.993860246974481e-2,1.721548284696438e-1,6.019032560037685e-3
-1.658133358967117e-3,9.112146123486161e-2,1.285467928055034e-3
1.856104929932646e-5,3.413036904546713e-2,1.173706104730796e-4
1.939757137673073e2,8.454547542051080e0,1.090824566242514e-29
-1.241337261121466e4,7.809241973930096e0,2.586052088658237e-25
2.961246004967093e5,7.276895336264055e0,5.988782610630113e-22
-3.734194320671355e6,6.803577100460182e0,3.723660601574775e-19
2.908867503793378e7,6.368787145533650e0,9.304462620553060e-17
-1.531581101812946e8,5.962045897679888e0,1.157330296215529e-14
5.780524984338130e8,5.577145621763209e0,8.171812717053103e-13
-1.629744182054008e9,5.210073240131684e0,3.577541007184801e-11
3.538118471280675e9,4.858087633528388e0,1.034236267498286e-9
-6.052406792670112e9,4.519252216699894e0,2.069549249361865e-8
8.305019905722479e9,4.192175756831803e0,2.972928768735423e-7
-9.270382919833406e9,3.875859178726395e0,3.156123886399656e-6
8.511406246245191e9,3.569600927220037e0,2.535521376174689e-5
-6.483732305246080e9,3.272936902049379e0,1.572122527909451e-4
4.125613375825846e9,2.985601972879277e0,7.650222946509046e-4
-2.203816506587364e9,2.707505613981377e0,2.964115066066460e-3
9.917668330917953e8,2.438717128920879e0,9.260509810636905e-3
-3.767876876553431e8,2.179457532059745e0,2.359164682616945e-2
1.209305960193678e8,1.930096011605337e0,4.950140609084730e-2
-3.276443140384632e7,1.691149311250863e0,8.632081364472422e-2
7.476411069491272e6,1.463282483508762e0,1.261008176975502e-1
-1.430973562437107e6,1.247309369857083e0,1.553825202120411e-1
2.283033105429617e5,1.044190909054038e0,1.623739701103802e-1
-3.009208430290918e4,8.550290304712542e-1,1.443773939882264e-1
3.235909875060871e3,6.810535522000043e-1,1.092370712064357e-1
-2.789080625152553e2,5.235993257497819e-1,6.995426917510520e-2
1.878379522477018e1,3.840710577367577e-1,3.736677593428008e-2
-9.513000868863553e-1,2.638940069633335e-1,1.612964604446061e-2
3.404387761508412e-2,1.644501091968153e-1,5.265638015392080e-3
-7.668822079308086e-4,8.699972629586593e-2,1.120266830844629e-3
8.171796363711126e-6,3.257464571042020e-2,1.020744025396214e-4
-2.048774940611828e2,8.601160175975736e0,9.212983587456750e-31
1.374239158293543e4,7.959312952908314e0,2.506620023458073e-26
-3.437372865879387e5,7.429887703407067e0,6.543743160603532e-23
4.547321950585330e6,6.959204916561859e0,4.549622001269631e-20
-3.718655874604445e7,6.526852157734317e0,1.265605776920982e-17
2.057171124921885e8,6.122387812396435e0,1.748124503067341e-15
-8.165830939427454e8,5.739619777624142e0,1.368799564604490e-13
2.424159177997928e9,5.374537832376362e0,6.641044315880676e-12
-5.548865516771134e9,5.024394860326105e0,2.127427916049518e-10
1.002335154960464e10,4.687241085275122e0,4.718626362211429e-9
-1.454890693708076e10,4.361665462675785e0,7.517568182716905e-8
1.721244771073919e10,4.046642447999282e0,8.858188594630358e-7
-1.678660449351721e10,3.741436927052327e0,7.906318734752455e-6
1.361729117059187e10,3.445543429162971e0,5.452327392667076e-5
-9.253186461769228e9,3.158646690897634e0,2.954397197343650e-4
5.295636717644291e9,2.880596155222812e0,1.276220191631614e-3
-2.562688438129677e9,2.611389927295570e0,4.450968774507528e-3
1.051405631782871e9,2.351165326900475e0,1.267459127965423e-2
-3.662124960744467e8,2.100194075679295e0,2.976706290080621e-2
1.082978007979784e8,1.858880630001649e0,5.818417241212806e-2
-2.715690096128891e7,1.627762368800404e0,9.543232941894323e-2
5.758644881827570e6,1.407510350773808e0,1.323019017733972e-1
-1.028012695773109e6,1.198929216416384e0,1.559946166359006e-1
1.534848907896137e5,1.002954570246153e0,1.571802113991767e-1
-1.898951486472149e4,8.206458936726315e-1,1.357026047575252e-1
1.922108537505778e3,6.531727965375267e-1,1.003237008135940e-1
-1.563425343538203e2,5.017923454754207e-1,6.312633664182443e-2
9.960076522073275e0,3.678154766020488e-1,3.329053714329532e-2
-4.782028291472510e-1,2.525612601060180e-1,1.424339789589298e-2
1.625669934285140e-2,1.572989755914674e-1,4.623183561347206e-3
-3.485320235288194e-4,8.317828780829179e-2,9.801863754943227e-4
3.540941044725996e-6,3.113342421141423e-2,8.914277979522500e-5
2.160338237650193e2,8.745508213929125e0,7.747689056131731e-32
-1.516675055411590e4,8.106996101055203e0,2.411585607833586e-27
3.971917539615771e5,7.580387247955747e0,7.076511169865630e-24
-5.504021120996503e6,7.112245479249380e0,5.485960263913329e-21
4.717721495803956e7,6.682243962493133e0,1.694095807335434e-18
-2.737613935358509e8,6.279978798905682e0,2.590936818106745e-16
1.140916995372838e9,5.899274251977915e0,2.243025048796592e-14
-3.559818102309468e9,5.536124410900964e0,1.202329028478624e-12
8.574582522333285e9,5.187778275720369e0,4.254427171659406e-11
-1.632170876718970e10,4.852275681909429e0,1.042490190358957e-9
2.500388885746942e10,4.528189346596236e0,1.835686941591972e-8
-3.127604872223865e10,4.214471720363348e0,2.392325062497904e-7
3.231383995147678e10,3.910359638811799e0,2.363548727012465e-6
-2.783214656419722e10,3.615312997387782e0,1.805932297919238e-5
2.013150873116375e10,3.328974573184740e0,1.085350452237474e-4
-1.229915841104453e10,3.051143616746236e0,5.205777069107862e-4
6.374369557626348e9,2.781758772123217e0,2.018205566263129e-3
-2.811304058988280e9,2.520887514336741e0,6.395818032278184e-3
1.057105420047194e9,2.268720216483883e0,1.673623167051924e-2
-3.391527913504420e8,2.025567470717793e0,3.649318089184741e-2
9.280036381244832e7,1.791859541198704e0,6.685845281745900e-2
-2.161918918836865e7,1.568146904199125e0,1.036921000964291e-1
4.274686845565580e6,1.355100777149685e0,1.370460187116887e-1
-7.139358278291705e5,1.153512387246829e0,1.552227699827825e-1
1.000297887784458e5,9.642895160232592e-1,1.512972797500159e-1
-1.164653411801820e4,7.884486292503579e-1,1.271715018718095e-1
1.112240310316749e3,6.271007390571920e-1,9.206140101960901e-2
-8.555949927563493e1,4.814291572347181e-1,5.701164107611248e-2
5.166301112522590e0,3.526576172529223e-1,2.971945034687552e-2
-2.355819168871095e-1,2.420079703822112e-1,1.261406790423171e-2
7.620790398816975e-3,1.506476927974219e-1,4.073077494113196e-3
-1.557462425775547e-4,7.962750571577975e-2,8.608523457910957e-4
1.510845069780951e-6,2.979526238804054e-2,7.815612269846715e-5
-2.274427805662839e2,8.887692709769469e0,6.488844962490178e-33
1.669013084054117e4,8.252400325679444e0,2.303829417847273e-28
-4.569966146214341e5,7.728509568487562e0,7.578078443020188e-25
6.624124881031239e6,7.262820309992070e0,6.533056693177752e-22
-5.942440534474290e7,6.835089269793554e0,2.233571367158433e-19
3.611556862126644e8,6.434949916911469e0,3.772075353003065e-17
-1.577716212443287e9,6.056243416832807e0,3.600436789448516e-15
5.165077442665818e9,5.694969335539342e0,2.126126021909345e-13
-1.306830266769417e10,5.348374518858832e0,8.285469901651416e-12
2.616237692057472e10,5.014490718905069e0,2.236066372686681e-10
-4.221269583046176e10,4.691877353642320e0,4.338057853984360e-9
5.570150355655644e10,4.379468533496439e0,6.232191291997415e-8
-6.081964941173734e10,4.076477552971861e0,6.792340423800475e-7
5.547261690196423e10,3.782335170701125e0,5.729990586633886e-6
-4.258624908395349e10,3.496648855108569e0,3.805582435980838e-5
2.768458482511173e10,3.219175652358690e0,2.019117630663613e-4
-1.531162775064240e10,2.949804263494353e0,8.667760733638732e-4
7.229919547506502e9,2.688543554109654e0,3.044737265988953e-3
-2.921491660920439e9,2.435515658134979e0,8.840409058573190e-3
1.011581052210169e9,2.190952374750757e0,2.141116374955463e-2
-3.002085610086145e8,1.955193848393721e0,4.361827088968574e-2
7.629387621678647e7,1.728688648650632e0,7.531086058890261e-2
-1.656886072639479e7,1.511994375232748e0,1.109682339926287e-1
3.064273642712343e6,1.305777831649923e0,1.403899261395688e-1
-4.801570083589957e5,1.110813663699303e0,1.532756738311972e-1
6.329575780845351e4,9.279801754288034e-1,1.449422657266929e-1
-6.951616765328755e3,7.582508610929696e-1,1.188924571000995e-1
6.277225991290452e2,6.026800947071968e-1,8.443799647207890e-2
-4.575898816171744e1,4.623814910634178e-1,5.153908971137750e-2
2.623716954659948e0,3.384977960780790e-1,2.658566526785640e-2
-1.138246701674204e-1,2.321618450376348e-1,1.120231843766828e-2
3.509327620665317e-3,1.444490078764821e-1,3.600190852867522e-3
-6.846879891142471e-5,7.632138423354844e-2,7.587427958502477e-4
6.350710207483699e-7,2.855014518019434e-2,6.877834191070719e-5
2.391025126407031e2,9.027807438461056e0,5.413462160680404e-34
-1.831624132835980e4,8.395626547777976e0,2.186191201667413e-29
5.236877766438648e5,7.874361678624955e0,8.040215712362561e-26
-7.929493337529417e6,7.411041830827909e0,7.688728008447239e-23
7.434770020605318e7,6.985505269752495e0,2.902956998314876e-20
-4.725672442754114e8,6.587422406241899e0,5.399724783969019e-18
2.160715573077454e9,6.210651685310743e0,5.667712546296169e-16
-7.410230070290905e9,5.851199085384688e0,3.677212329813968e-14
1.966085501050023e10,5.506310718320172e0,1.573815099131439e-12
-4.132280700626130e10,5.174012158195254e0,4.664605602481776e-11
7.008889979160246e10,4.852851955506141e0,9.940874145864374e-10
-9.736420764313877e10,4.541748907997818e0,1.569513534046059e-8
1.121013304714951e11,4.239896484680943e0,1.881067400671507e-7
-1.080120155033423e11,3.946700823997177e0,1.746294242610887e-6
8.777601863828183e10,3.661739534939431e0,1.277377423848093e-5
-6.054124128250744e10,3.384733988645495e0,7.470950377671801e-5
3.561708073743915e10,3.115530710819139e0,3.538617150630364e-4
-1.794129068373895e10,2.854089123174757e0,1.372748809494337e-3
7.759525263976663e9,2.600473829133159e0,4.405852368007972e-3
-2.886470243129016e9,2.354850192772571e0,1.180628826897132e-2
9.242501319642371e8,2.117482275741241e0,2.663534977990360e-2
-2.546893629760472e8,1.888732357829664e0,5.097808517938319e-2
6.032291067101894e7,1.669061319188334e0,8.335485589848451e-2
-1.225043670368784e7,1.459029132729622e0,1.171813052864459e-1
2.125142232178147e6,1.259294623132873e0,1.424267289105708e-1
-3.132345253142947e5,1.070613513433251e0,1.503559064243099e-1
3.894156067356011e4,8.938336282337381e-1,1.382969258982441e-1
-4.043120267985166e3,7.298859948761877e-1,1.109411694181922e-1
3.459019757326059e2,5.797705394580111e-1,7.742922599742415e-2
-2.393918111763250e1,4.445351892547277e-1,4.664224567887960e-2
1.305655137699222e0,3.252475451568521e-1,2.383071737223946e-2
-5.397610547241814e-2,2.229589130211506e-1,9.975401257943144e-3
1.588426373578933e-3,1.386612246775949e-1,3.192153369868578e-3
-2.962731980154050e-5,7.323704066695894e-2,6.710054062688134e-4
2.630965162407355e-7,2.738927325451457e-2,6.073854382756682e-5
-2.510112341305488e2,9.165939608657914e0,4.499638293506685e-35
2.004881787279351e4,8.536768495897329e0,2.061391941040840e-30
-5.978290529086349e5,8.018042868775752e0,8.455689155279636e-27
9.444152570731378e6,7.557014281830827e0,8.948108816276402e-24
-9.242901793347210e7,7.133600590453195e0,3.722092857573809e-21
6.136011053101931e8,6.737508663776294e0,7.607168121991239e-19
-2.932299829417410e9,6.362614477728695e0,8.758975569500978e-17
1.051928320246661e10,6.004931172095957e0,6.227970318395748e-15
-2.922177496568985e10,5.661705294532533e0,2.919858507162380e-13
6.437289761546064e10,5.330957823229492e0,9.478837158429708e-12
-1.145744256097673e11,5.011228463901843e0,2.212914524727608e-10
1.672401533920051e11,4.701423217419420e0,3.828794433206845e-9
-2.026280224401822e11,4.400718808186397e0,5.031341381278021e-8
2.057914359341224e11,4.108500489514032e0,5.124563369983719e-7
-1.766035623202909e11,3.824320504985234e0,4.115612623605944e-6
1.288957499190103e11,3.547869922361527e0,2.644897914756177e-5
-8.042870410767007e10,3.278959470580918e0,1.377660091699915e-4
4.308202175638792e10,3.017506647006748e0,5.882190934297062e-4
-1.987163088673336e10,2.763527313789624e0,2.079604639020868e-3
7.909601551660378e9,2.517130566303108e0,6.143627145718254e-3
-2.720179142096843e9,2.278515988781605e0,1.529265112814405e-2
8.085533103052438e8,2.047972596663575e0,3.232023849162508e-2
-2.076010286464555e8,1.825878848315265e0,5.840666501166286e-2
4.596915219908736e7,1.612703117472639e0,9.083666421226057e-2
-8.754688653880357e6,1.409003968831206e0,1.222981820359333e-1
1.428270100638996e6,1.215429486746097e0,1.432734087973409e-1
-1.984976329111359e5,1.032714787614501e0,1.466528869936896e-1
2.332413459339081e4,8.616767245479816e-1,1.315102052360327e-1
-2.293933811108742e3,7.032047048476975e-1,1.033673621486227e-1
1.862882538835737e2,5.582465373024055e-1,7.100319775393173e-2
-1.226150503790114e1,4.277883692620985e-1,4.225997575092623e-2
6.371515185247365e-1,3.128281211424125e-1,2.140429837282000e-2
-2.513752036677069e-2,2.143423924204292e-1,8.905977879975319e-3
7.070912364171483e-4,1.332474299884910e-1,2.838803477368712e-3
-1.262487587207501e-5,7.035426307573133e-2,5.953173255932202e-4
1.074674404579378e-7,2.630488761127796e-2,5.381707534927162e-5
2.631672210304370e2,9.302170488086451e0,3.726928229883304e-36
-2.189162272657459e4,8.675913401550996e0,1.931972830335137e-31
6.800127654382802e5,8.159645460221902e0,8.818427622114317e-28
-1.119443867732256e7,7.700834523855387e0,1.030362742778421e-24
1.142197086624771e8,7.279476136951452e0,4.711293972741235e-22
-7.909532069049692e8,6.885313101785949e0,1.055588705298063e-19
3.945370212750791e9,6.512239075684380e0,1.330192580080982e-17
-1.478454164810484e10,6.156274956955297e0,1.034097004085435e-15
4.293826322324194e10,5.814668694696157e0,5.297851948727717e-14
-9.898727210966774e10,5.485437990333510e0,1.879043659806227e-12
1.845763543740669e11,5.167115395571744e0,4.793190647932009e-11
-2.825985569628177e11,4.858596216446744e0,9.064051874139127e-10
3.596324863890650e11,4.559043002237603e0,1.302368881136327e-8
-3.842127478937820e11,4.267823228592861e0,1.451236932445180e-7
3.474219675944413e11,3.984467502856957e0,1.275930276333801e-6
-2.676825541106672e11,3.708641035940445e0,8.982951234547257e-6
1.766929526284681e11,3.440124029408173e0,5.129714985512992e-5
-1.003551647638029e11,3.178798260169860e0,2.403046908783381e-4
4.920885657317779e10,2.924638098832554e0,9.328388880316627e-4
-2.088347321603591e10,2.677704768203246e0,3.028155179485880e-3
7.682855240480521e9,2.438142991478590e0,8.288560153985920e-3
-2.452150825341912e9,2.206179380002206e0,1.927623562552675e-2
6.789776560673726e8,1.982122015266588e0,3.835939693804895e-2
-1.629460286017291e8,1.766360715980924e0,6.574548548155901e-2
3.382919753094429e7,1.559367464708251e0,9.763770834709643e-2
-6.057715669110202e6,1.361696411267446e0,1.263244323490453e-1
9.316551471893077e5,1.173982783012967e0,1.430603868178073e-1
-1.223554326566637e5,9.969399301264104e-1,1.423386682373311e-1
1.361649097277662e4,8.313536393514644e-1,1.247016358482763e-1
-1.270958489143246e3,6.780727945045504e-1,9.620049195852729e-2
9.814391278576915e1,5.379954897411124e-1,6.512365820573831e-2
-6.153601372087847e0,4.120498616853962e-1,3.833665299708569e-2
3.051162350107080e-1,3.011692414016199e-1,1.926314452851117e-2
-1.150443175203804e-2,2.062617344759146e-1,7.971160393846570e-3
3.097272523339208e-4,1.281748432582461e-1,2.531756520732504e-3
-5.300233975468378e-6,6.765514011824796e-2,5.297768819963429e-4
4.329885755087928e-8,2.529012329397296e-2,4.783482147101760e-5
-2.755688074338929e2,9.436575954421339e0,3.076564102535939e-37
2.384844399586513e4,8.813142610691652e0,1.800250582405076e-32
-7.708603454998210e5,8.299255467494973e0,9.123637943411239e-29
1.320914697756320e7,7.842592743501486e0,1.174507703198612e-25
-1.403482100498239e8,7.423225828752418e0,5.890831932714960e-23
1.012583100938846e9,7.030932904347931e0,1.443837464706439e-20
-5.265542886118654e9,6.659625378672397e0,1.986918440922609e-18
2.058455285565086e10,6.305332381860208e0,1.685045164428099e-16
-6.241676402948460e10,5.965304062845431e0,9.411947259773326e-15
1.503656129035975e11,5.637555950053390e0,3.638635726433727e-13
-2.932874752295121e11,5.320614860867920e0,1.011702774848043e-11
4.702420904754461e11,5.013367171701903e0,2.085776375717391e-10
-6.274576548506988e11,4.714963411308232e0,3.268540109881989e-9
7.038337277908024e11,4.424755877685393e0,3.974122698006603e-8
-6.692560572029736e11,4.142256654471342e0,3.814699596964261e-7
5.431605212318030e11,3.867108798060742e0,2.933984302363270e-6
-3.783712520022395e11,3.599066360900841e0,1.831597209720687e-5
2.272684673325799e11,3.337980546177698e0,9.386388807953017e-5
-1.181294757360994e11,3.083790242984951e0,3.988826114164932e-4
5.328065924078843e10,2.836515765163871e0,1.418456039353453e-3
-2.089386939597047e10,2.596254967158167e0,4.256015301859318e-3
7.132081426176177e9,2.363181121444335e0,1.085695797983951e-2
-2.120012150814834e9,2.137542061994635e0,2.371303193864992e-2
5.485531086912686e8,1.919660154039550e0,4.463563550964719e-2
-1.234031873327905e8,1.709932658184380e0,7.285048710081832e-2
2.408404288492813e7,1.508832027072899e0,1.036742644115274e-1
-4.064796185902500e6,1.316905613722676e0,1.292963183377064e-1
5.906454758285820e5,1.134774191969087e0,1.419232230115457e-1
-7.345280892685510e4,9.631286047167576e-1,1.375658788640524e-1
7.756498415086252e3,8.027237850300403e-1,1.179650818970110e-1
-6.883137879068978e2,6.543693669066629e-1,8.945449835417114e-2
5.062392756911467e1,5.189161531773938e-1,5.975234447422678e-2
-3.028244127643946e0,3.972378768213924e-1,3.482207525839966e-2
1.434766582996405e-1,2.902080085139701e-1,1.737005098189779e-2
-5.177006564635955e-3,1.986718133188485e-1,7.151730963514006e-3
1.335658094520190e-4,1.234142677717664e-1,2.264064107714115e-3
-2.193223055241081e-6,6.512374985714253e-2,4.728193747126938e-4
1.721366536929414e-8,2.433888677499850e-2,4.264493866262362e-5
2.882143821003879e2,9.569226982221322e0,2.531558664210008e-38
-2.592309512163776e4,8.948532123281828e0,1.668287825565859e-33
8.710229296132598e5,8.436953182268942e0,9.367868427314711e-30
-1.551968642246410e7,7.982373074380630e0,1.325977963110692e-26
1.715283037071467e8,7.564937250198103e0,7.280352842530969e-24
-1.287908125368951e9,7.174458695886675e0,1.948047760469581e-21
6.973726502193118e9,6.804866575789116e0,2.921513739360116e-19
-2.840605998325542e10,6.452198623682888e0,2.697181189817857e-17
8.981270786162304e10,6.113707849008600e0,1.638970312919341e-15
-2.257936144848044e11,5.787408533636615e0,6.891136841750855e-14
4.600291889373473e11,5.471822957598692e0,2.083739797864156e-12
-7.712400722679190e11,5.165830056974369e0,4.672602393307272e-11
1.077270978664114e12,4.868570155835412e0,7.966610800170012e-10
-1.266579041064004e12,4.579382561532803e0,1.054311472364167e-8
1.264106253733490e12,4.297763446118856e0,1.102081755802132e-7
-1.078500093722727e12,4.023336811326486e0,9.235984236137234e-7
7.911416961243084e11,3.755834218439797e0,6.286258138902008e-6
-5.013530129965223e11,3.495080589541524e0,3.514574916972944e-5
2.755159511587084e11,3.240984339549482e0,1.630456190565906e-4
-1.316929600625599e11,2.993530674435011e0,6.333491220859432e-4
5.487287459227142e10,2.752777245714468e0,2.077100694363150e-3
-1.996104103820914e10,2.518851569889900e0,5.794825909231936e-3
6.344262934770016e9,2.291949751934395e0,1.384952734967646e-2
-1.761904407864903e9,2.072336121740610e0,2.854139955221113e-2
4.272606775565028e8,1.860343417868272e0,5.102789170265914e-2
-9.033792138239704e7,1.656373143922172e0,7.959688860841711e-2
1.661433520114859e7,1.460895686568936e0,1.088951057562716e-1
-2.648835015197056e6,1.274449727285243e0,1.312730842080568e-1
3.644014736062828e5,1.097640410976294e0,1.399963364119031e-1
-4.299355742149508e4,9.311356660683988e-1,1.324672178809356e-1
4.315630169551615e3,7.756600207047874e-1,1.113724841851749e-1
-3.646982742837064e2,6.319852529894763e-1,8.313167886350786e-2
2.558619932195320e1,5.009172800666919e-1,5.485063908291885e-2
-1.462281703795899e0,3.832788620355269e-1,3.167121077869886e-2
6.629135194168707e-2,2.798879916021670e-1,1.569300951915944e-2
-2.291904239856787e-3,1.915322365260054e-1,6.431505879268417e-3
5.673180025604903e-5,1.189396255219000e-1,2.029944063005120e-3
-8.948837148000895e-7,6.274589697835093e-2,4.231511845520524e-4
6.754900856236843e-9,2.344575270858678e-2,3.812642628184968e-5
-3.011023853079732e2,9.700190074765177e0,2.076720974358475e-39
2.811941438469444e4,9.082153071018673e0,1.537876919975703e-34
-9.811819516026713e5,8.572813689808881e0,9.549023025136556e-31
1.816023923623899e7,8.120254146444140e0,1.483283587677150e-27
-2.085680014143891e8,7.704692225871102e0,8.898249427902345e-25
1.628021011380977e9,7.315975133731289e0,2.594307623682447e-22
-9.169131212023953e9,6.948049743363353e0,4.231836698033849e-20
3.887071024417833e10,6.596962680569683e0,4.244609928142223e-18
-1.279951086640483e11,6.259970362037107e0,2.800321513089321e-16
3.353855716323390e11,5.935086602771941e0,1.277856514790894e-14
-7.127991793415133e11,5.620830158406769e0,4.193169427079444e-13
1.247767528231310e12,5.316073786619382e0,1.020474536389331e-11
-1.821749895076618e12,5.019949144366165e0,1.888700630040677e-10
2.241408458596437e12,4.731784397121855e0,2.714294960804133e-9
-2.343983697786196e12,4.451062008848676e0,3.082419466145968e-8
2.098399981342424e12,4.177389535713244e0,2.807830410016241e-7
-1.617699663157007e12,3.910479120132269e0,2.078401062598460e-6
1.079226075710336e12,3.650133001884751e0,1.264476272122205e-5
-6.255623403306628e11,3.396233314243226e0,6.387091486826334e-5
3.160548395868372e11,3.148735009742562e0,2.702999871565502e-4
-1.395272321773767e11,2.907661117698894e0,9.663033315930789e-4
5.391774471481696e10,2.673099759124134e0,2.940225921706238e-3
-1.825842668093166e10,2.445202482417493e0,7.667890013216529e-3
5.420632195343292e9,2.224183563000396e0,1.725120188006790e-2
-1.410569506802980e9,2.010319948288583e0,3.368610168068688e-2
3.214334556951885e8,1.803951535991582e0,5.741733911117805e-2
-6.403211117025035e7,1.605481455209703e0,8.588192402864753e-2
1.112233455318596e7,1.415375981401690e0,1.132778476826684e-1
-1.678535412557222e6,1.234163663738570e0,1.323299810078029e-1
2.190410927354295e5,1.062433184455598e0,1.374085061083939e-1
-2.456196014872891e4,9.008294159933755e-1,1.271560096243893e-1
2.347499789142252e3,7.500471092080653e-1,1.049773932577833e-1
-1.892051453168279e2,6.108216560584286e-1,7.722579974795861e-2
1.268038727767865e1,4.839164478631905e-1,5.038070098515230e-2
-6.933180636535314e-1,3.701065191568467e-1,2.884384684506253e-2
3.011214037610955e-2,2.701584388069984e-1,1.420446134537164e-2
-9.987060223475715e-4,1.848067562812735e-1,5.796816488142778e-3
2.374460444498623e-5,1.147275614521180e-1,1.824565345372067e-3
-3.601745732236375e-7,6.050888995906699e-2,3.796979128606934e-4
2.617320574106919e-9,2.260587660879003e-2,3.417909509879199e-5
3.142313059612051e2,9.829527648219110e0,1.698608707623778e-40
-3.044126443267352e4,9.214072141649362e0,1.410535268833694e-35
1.102049730817797e6,8.706907327229863e0,9.666330559116013e-32
-2.116792582856795e7,8.256309573240416e0,1.644745023974660e-28
2.523790908247778e8,7.842567331204102e0,1.076100846184533e-25
-2.045933026332086e9,7.455561434771317e0,3.412291053526185e-23
1.197276700610646e10,7.089256377858255e0,6.042950903972933e-21
-5.276737920682415e10,6.739707897877396e0,6.572742181087702e-19
1.807540460068625e11,6.404176270856029e0,4.698833415558067e-17
-4.930599400797099e11,6.080675502576915e0,2.322537338824267e-15
1.091762089514753e12,5.767721684391811e0,8.253779903360524e-14
-1.992886022564539e12,5.464182469129025e0,2.175484841608900e-12
3.037023848692507e12,5.169182154281871e0,4.361523520686533e-11
-3.904425364532316e12,4.882039333600495e0,6.791745170107927e-10
4.271499865169493e12,4.602224630797898e0,8.360499522076130e-9
-4.005606397792660e12,4.329331363459767e0,8.258925601675804e-8
3.239316420841083e12,4.063054848518533e0,6.633013207632404e-7
-2.270532979534255e12,3.803177675595819e0,4.380770053837226e-6
1.385163468099565e12,3.549559223529130e0,2.403456417974576e-5
-7.379770686536037e11,3.302128271942018e0,1.105367193294034e-4
3.442825991056925e11,3.060877918810358e0,4.296636551386586e-4
-1.409266666672609e11,2.825862241781627e0,1.422216504686413e-3
5.068507663919425e10,2.597194283807451e0,4.036739283250838e-3
-1.602921083420810e10,2.375045030504884e0,9.888435446163231e-3
4.458178222533000e9,2.159643094163972e0,2.103208654668431e-2
-1.089950014715089e9,1.951274837474858e0,3.906276883248488e-2
2.339669012382493e8,1.750284665163921e0,6.369239606789048e-2
-4.401198889961684e7,1.557075188314950e0,9.162579931588858e-2
7.235341366397975e6,1.372106928367055e0,1.168245964628595e-1
-1.035602985248559e6,1.195897180707349e0,1.325522615305533e-1
1.284206311417557e5,1.029017608625906e0,1.342798631208623e-1
-1.370908433466119e4,8.720900976107537e-1,1.217274352226307e-1
1.249469190878961e3,7.257803819253231e-1,9.881817552371915e-2
-9.618761179325166e1,5.907889783601379e-1,7.172455744215260e-2
6.166433876105486e0,4.678390463015228e-1,4.630620852617109e-2
-3.229682395545405e-1,3.576609566315803e-1,2.630419216231933e-2
1.345456223103516e-2,2.609735998747207e-1,1.288065378587609e-2
-4.285570374738704e-4,1.784627646658404e-1,5.236084651123863e-3
9.796961162242561e-6,1.107571054494644e-1,1.643875953682280e-3
-1.430473775570080e-7,5.840135135497714e-2,3.415633310162474e-4
1.001667672361893e-9,2.181492068695722e-2,3.071960515666774e-5
-3.275996789279369e2,9.957298374410888e0,1.385436913967659e-41
3.289253182754855e4,9.344351956987968e0,1.287510099569790e-36
-1.234370056646804e6,8.839300091360015e0,9.720274835756148e-33
2.458297501054040e7,8.390608385416376e0,1.808531796932599e-29
-3.039873709573843e8,7.978634346905790e0,1.288255700632316e-26
2.556844879577917e9,7.593291844786971e0,4.435237098092998e-24
-1.553149522195318e10,7.228562872104953e0,8.512407470817796e-22
7.109109867643450e10,6.880512440600943e0,1.002219349453775e-19
-2.530606243710718e11,6.546405058807810e0,7.749753834442680e-18
7.178117373134341e11,6.224255478962209e0,4.141419505029619e-16
-1.653992086565349e12,5.912577860691572e0,1.590888165240178e-14
3.144396549662468e12,5.610235668631091e0,4.532477063710060e-13
-4.995098458453057e12,5.316346957480843e0,9.823506451575453e-12
6.700773037821816e12,5.030222088627732e0,1.654109608443702e-10
-7.657616205271076e12,4.751321436107391e0,2.202492113298419e-9
7.510117593009754e12,4.479225954579419e0,2.354393624777769e-8
-6.360157253009863e12,4.213616335087898e0,2.047081967252400e-7
4.675255451286932e12,3.954258084004498e0,1.464377528458493e-6
-2.995927693283342e12,3.700990807046750e0,8.706297688702621e-6
1.679523019180747e12,3.453720556140973e0,4.341258143712072e-5
-8.260577782708603e11,3.212414456769606e0,1.830464712371954e-4
3.572487112019543e11,2.977097062352240e0,6.575423033676127e-4
-1.360734318808315e11,2.747848028498782e0,2.026286889640866e-3
4.569563078994912e10,2.524800791836657e0,5.391132806770989e-3
-1.353576531630196e10,2.308141992317403e0,1.245862209884640e-2
3.536334137168820e9,2.098111404581570e0,2.514930300983102e-2
-8.142865697613987e8,1.895002149385527e0,4.458236416302528e-2
1.650293945059758e8,1.699160944455322e0,6.975249278306461e-2
-2.937627808130174e7,1.510988128768493e0,9.677123537990780e-2
4.579478104204880e6,1.330937158688879e0,1.195573747747051e-1
-6.227740070545635e5,1.159513233232533e0,1.320302258776033e-1
7.350962699859983e4,9.972706656957696e-1,1.307200775219415e-1
-7.482220939120780e3,8.448085893997796e-1,1.162601517397357e-1
6.512592607322100e2,7.027645790617971e-1,9.292084175450117e-2
-4.795178796047300e1,5.718058017344117e-1,6.661150040563820e-2
2.944348402891417e0,4.526173987394829e-1,4.259281868291783e-2
-1.478975512773318e-1,3.458879556076219e-1,2.402046608076261e-2
5.916444058966565e-3,2.522921415571360e-1,1.170108899666503e-2
-1.811773234919519e-4,1.724708595790271e-1,4.739474720573132e-3
3.986364300545926e-6,1.070093826170560e-1,1.484464613782041e-3
-5.608113071564064e-8,5.641305566778834e-2,3.079967109992318e-4
3.787468810074803e-10,2.106899061458301e-2,2.767832749989825e-5
3.412060825818490e2,1.008355748753258e1,1.126959020637031e-42
-3.547712661225744e4,9.473051410653336e0,1.169790710961433e-37
1.378918769434207e6,8.970054002800329e0,9.712492410970939e-34
-2.844889954751077e7,8.523215417499746e0,1.972705815985910e-30
3.645436083539199e8,8.112960664507221e0,1.527363217381191e-27
-3.178447749065835e9,7.729236057769524e0,5.699809360187623e-25
2.002270344137276e10,7.366040941825533e0,1.183594327533110e-22
-9.508971745102566e10,7.019449718364478e0,1.505876156072241e-20
3.513908146380931e11,6.686731435534761e0,1.257317659881394e-18
-1.035360786561454e12,6.365902062164219e0,7.251495845404615e-17
2.479865050009390e12,6.055474451752831e0,3.005612112653987e-15
-4.904280539185325e12,5.754308666084361e0,9.238835288243281e-14
8.111271927602692e12,5.461517474280937e0,2.160590970916027e-12
-1.133903722116712e13,5.176404152549899e0,3.926270598073715e-11
1.351728095889415e13,4.898420185555862e0,5.643707314361204e-10
-1.384417227778687e13,4.627135766209558e0,6.515044737382116e-9
1.225853254087078e13,4.362218833749039e0,6.119807242222383e-8
-9.434146666003507e12,4.103419994264464e0,4.731628120175525e-7
6.338512938491190e12,3.850561611602929e0,3.041902695343244e-6
-3.731601126528153e12,3.603529931435514e0,1.640903917204506e-5
1.930799915598534e12,3.362269461348863e0,7.488290288265491e-5
-8.801539110127908e11,3.126779060024312e0,2.912649023563553e-4
3.541245600824803e11,2.897109337226374e0,9.722652342088373e-4
-1.259184187471295e11,2.673361061722764e0,2.803127862788080e-3
3.959917392551023e10,2.455684333296534e0,7.021881435575154e-3
-1.101645728786063e10,2.244278307941739e0,1.536931679528214e-2
2.710270491895605e9,2.039391278489680e0,2.954946721047019e-2
-5.891161090531188e8,1.841320910365110e0,5.015531709148512e-2
1.129625439904617e8,1.650414416849290e0,7.551060091953340e-2
-1.906488339854015e7,1.467068432771545e0,1.012819755345107e-1
2.823377166278638e6,1.291728313072630e0,1.215136654981348e-1
-3.654206355216688e5,1.124886547477702e0,1.308552947921511e-1
4.112055230948804e4,9.670799507383085e-1,1.268274669263769e-1
-3.996620518915448e3,8.188852680824229e-1,1.108180904022025e-1
3.326724247109576e2,6.809128386971632e-1,8.730148926426060e-2
-2.345751924642132e1,5.537979992288726e-1,6.186751009606889e-2
1.381208014152650e0,4.381899974583136e-1,3.920842189986261e-2
-6.661453870692861e-2,3.347383327004365e-1,2.196449559272377e-2
2.561665580600392e-3,2.440766415318896e-1,1.064805299945604e-2
-7.549304218119574e-5,1.668044701841745e-1,4.298607548047379e-3
1.600234800726606e-6,1.034673640715198e-1,1.343449132149877e-3
-2.171029372405137e-8,5.453479027864024e-2,2.783666911454316e-4
1.415327254320842e-10,2.036458139735315e-2,2.499684464140509e-5
-3.550491365304102e2,1.020835705930378e1,9.143323292469591e-44
3.819898189522146e4,9.600225970644915e0,1.058126293293616e-38
-1.536504337911772e6,9.099227431780701e0,9.645645258305579e-35
3.281267708149033e7,8.654191653940896e0,2.135267598922238e-31
-4.353352453534003e8,8.245609649247155e0,1.794119914586132e-28
3.931256921520234e9,7.863459591490601e0,7.245823004614171e-26
-2.565968084576089e10,7.501758008457988e0,1.625347778441048e-23
1.263195818956779e11,7.156588768336716e0,2.231042461970640e-21
-4.841266791250244e11,6.825225710542086e0,2.008078447647537e-19
1.480273000169167e12,6.505686418586833e0,1.247832271459274e-17
-3.681609199629780e12,6.196482975367125e0,5.570982970211671e-16
7.565746929678816e12,5.896472714745312e0,1.844346101896854e-14
-1.301279423670676e13,5.604763943706764e0,4.645601592450314e-13
1.893363389204176e13,5.320653839640361e0,9.094121181854259e-12
-2.351417066383200e13,5.043586165943390e0,1.408515473292124e-10
2.511506220384481e13,4.773121726408655e0,1.752534888669294e-9
-2.321766315174145e13,4.508917312100826e0,1.774994909316804e-8
1.867783705630085e13,4.250710493372374e0,1.480313749303128e-7
-1.313519301636301e13,3.998308550631783e0,1.026964713247157e-6
8.105990297176753e12,3.751580411048625e0,5.980635642547325e-6
-4.403607033659807e12,3.510450818279140e0,2.947718766864326e-5
2.111342220099261e12,3.274896193217023e0,1.238822331698239e-4
-8.952244584827992e11,3.044941794012405e0,4.469819088154774e-4
3.361848091150773e11,2.820659881486781e0,1.393425976670439e-3
-1.119252774535221e11,2.602168658592958e0,3.775407278483207e-3
3.305194840129720e10,2.389631790088264e0,8.940236397171195e-3
-8.657255290773110e9,2.183258327515611e0,1.860057849907390e-2
2.010226250008653e9,1.983302868981018e0,3.417152145133014e-2
-4.133471562811760e8,1.790065775823126e0,5.569509644626227e-2
7.513586564574905e7,1.603893251265722e0,8.089463092838269e-2
-1.204479073801931e7,1.425177061748982e0,1.051406069941272e-1
1.697393393814067e6,1.254353652683782e0,1.227423004645454e-1
-2.094110515410900e5,1.091902380862118e0,1.291170245611545e-1
2.249861508710877e4,9.383425613347846e-1,1.226887877117615e-1
-2.090906846257936e3,7.942290148620441e-1,1.054522894145461e-1
1.666552710913131e2,6.601458126182808e-1,8.196837461218712e-2
-1.126742398331742e1,5.366979584808050e-1,5.747192667588135e-2
6.369260356232216e-1,4.245008361913242e-1,3.612325218948250e-2
-2.952590497805114e-2,3.241673850923738e-1,2.011133265504012e-2
1.092572012834705e-3,2.362931489859369e-1,9.706214154765383e-3
-3.101641132164407e-5,1.614395327037392e-1,3.906324864894316e-3
6.339647956851818e-7,1.001156518877118e-1,1.218385894747480e-3
-8.301599844442668e-9,5.275823575071494e-2,2.521402659851062e-4
5.228355198243176e-11,1.969853087991884e-2,2.262594921021658e-5
3.691274995103847e2,1.033174624646938e1,7.399772505265413e-45
-4.106205345162021e4,9.725927951123370e0,9.530476024580221e-40
1.707968433244588e6,9.226875390586967e0,9.523275668521922e-36
-3.772493645511555e7,8.783594539513433e0,2.294203681880783e-32
5.177988925117983e8,8.376640965609436e0,2.088794103782802e-29
-4.838980678168559e9,7.996024124690456e0,9.115830425247884e-27
3.269777841905558e10,7.635777543486922e0,2.205525243820884e-24
-1.667116982583192e11,7.291994600793423e0,3.261228291873543e-22
6.620508967234443e11,6.961954132246504e0,3.159309889126116e-20
-2.098673666557143e12,6.643675673239951e0,2.111876300770302e-18
5.414661068649149e12,6.335670995428718e0,1.013928493956482e-16
-1.155055189568389e13,6.036795286443728e0,3.609285794911045e-15
2.063735939826793e13,5.746153101833202e0,9.775195118000704e-14
-3.121732295885728e13,5.463036371309987e0,2.057778598266900e-12
4.034104801524704e13,5.186882143901079e0,3.428011381141846e-11
-4.487660464299218e13,4.917243015680564e0,4.588898242855959e-10
4.325361690341871e13,4.653766007373576e0,5.001972355323370e-9
-3.631948144924579e13,4.396177252778774e0,4.491155953448057e-8
2.669282614367093e13,4.144270797038159e0,3.355740813502387e-7
-1.723831377636677e13,3.897900375922348e0,2.105630395500923e-6
9.814509341249519e12,3.656973406748006e0,1.118654423828896e-5
-4.939607218674493e12,3.421446652784344e0,5.069464457903839e-5
2.202476563471005e12,3.191323174261816e0,1.973079091933866e-4
-8.714720472587671e11,2.966650278710255e0,6.637193752626250e-4
3.063653908869807e11,2.747518248377826e0,1.941055693534193e-3
-9.576083312070878e10,2.534059663361652e0,4.962555923341777e-3
2.662029939357453e10,2.326449162303165e0,1.114948702276141e-2
-6.579933067317429e9,2.124903492160042e0,2.212273821657607e-2
1.445112601728812e9,1.929681697343350e0,3.894966613264920e-2
-2.816478759893014e8,1.741085288343703e0,6.112109408078233e-2
4.862159856889859e7,1.559458212583453e0,8.584786328604166e-2
-7.416002303974824e6,1.385186427578506e0,1.083459953953906e-1
9.960659345281230e5,1.218696851200478e0,1.232998262889588e-1
-1.173111704974114e5,1.060455439613266e0,1.269009440660930e-1
1.204997291845344e4,9.109641254713107e-1,1.183795102919756e-1
-1.072192267803730e3,7.707563439789660e-1,1.002026662302476e-1
8.193059664863803e1,6.403908906372477e-1,7.692364784055557e-2
-5.317277246050455e0,5.204439008469388e-1,5.340339179530555e-2
2.888747655238277e-1,4.114988258972030e-1,3.330989694742570e-2
-1.288457991853092e-2,3.141344059820062e-1,1.843889875001055e-2
4.592280169683687e-4,2.289108019865986e-1,8.862281245457861e-3
-1.256962038542324e-5,1.563542089515490e-1,3.556494651708558e-3
2.479517001187473e-7,9.694029292322859e-2,1.107196206076116e-3
-3.136415922904942e-9,5.107586246033162e-2,2.288658151213859e-4
1.909793427514925e-11,1.906797966754760e-2,2.052403337520377e-5
-3.834398674350819e2,1.045377151395604e1,5.974370196559686e-46
4.407031934038503e4,9.850206757136704e0,8.548909811308026e-41
-1.894186499789162e6,9.353049796645692e0,9.349650441574625e-37
4.324014946867339e7,8.911478258438645e0,2.447533528946730e-33
-6.135336377638945e8,8.506110870067423e0,2.411184193892317e-30
5.928927201283840e9,8.126987800506081e0,1.135456162471308e-27
-4.144144620613888e10,7.768159378791415e0,2.958791846461521e-25
2.186500323741225e11,7.425728511483571e0,4.706029303995594e-23
-8.989532778563643e11,7.096979195972826e0,4.899559803255752e-21
2.951697636246213e12,6.779933205079986e0,3.517832620493304e-19
-7.892644474345109e12,6.473102393938013e0,1.813447216790681e-17
1.746009071989381e13,6.175340306574353e0,6.930033817221875e-16
-3.237314306079682e13,5.885748362373754e0,2.014846758160491e-14
5.085523164656744e13,5.603613980315592e0,4.553568158784954e-13
-6.830432909427793e13,5.328368366123550e0,8.145250669528930e-12
7.904340745762181e13,5.059556928796839e0,1.171068272535308e-10
-7.932872059140365e13,4.796818107152872e0,1.371363221631992e-9
6.943283876180763e13,4.539867975457050e0,1.323273768001668e-8
-5.325159332113331e13,4.288488932394354e0,1.062954678090772e-7
3.593235911761626e13,4.042521348243254e0,7.173050617265584e-7
-2.140434436540814e13,3.801857403925740e0,4.099916542855440e-6
1.128788363276200e13,3.566436586884101e0,1.999663344423553e-5
-5.282311320397406e12,3.336242460608710e0,8.379256382252106e-5
2.197524654178351e12,3.111300425441249e0,3.035638445693439e-4
-8.138437269843445e11,2.891676255092734e0,9.563809074705170e-4
2.685673271890199e11,2.677475236652978e0,2.634694314578231e-3
-7.901106999922829e10,2.468841768283092e0,6.379648428211190e-3
2.072388780738399e10,2.265959282418264e0,1.364471146025769e-2
-4.844293880698423e9,2.069050365840952e0,2.589792397308289e-2
1.008284003638808e9,1.878376943249199e0,4.381617969963049e-2
-1.866025433888469e8,1.694240379389077e0,6.636077461745386e-2
3.064576068480318e7,1.516981337882776e0,9.032860715031279e-2
-4.454400918445135e6,1.346979214341979e0,1.109105716682731e-1
5.710666208760065e5,1.184650939662994e0,1.232474070264606e-1
-6.429471748719682e4,1.030448929998497e0,1.242870825281640e-1
6.322342280290200e3,8.848579474609532e-1,1.139644190244993e-1
-5.392665694646109e2,7.483906360994900e-1,9.509967090490089e-2
3.955175912853705e1,6.215815181092198e-1,7.216478583598507e-2
-2.466706914731028e0,5.049792828494463e-1,4.964046840930826e-2
1.289253217749632e-1,3.991372820405415e-1,3.074323927504691e-2
-5.538157696398950e-3,3.046022603363647e-1,1.692765985373059e-2
1.902970736038575e-4,2.219014933839078e-1,8.104712483307755e-3
-5.026373292162304e-6,1.515286412630224e-1,3.243849934983179e-3
9.576971041983870e-8,9.392861715442587e-2,1.008106097028302e-3
-1.171126571625612e-9,4.948084104461141e-2,2.081593321042676e-4
6.899673021439637e-12,1.847033646490815e-2,1.865578647235018e-5
3.979849715793489e2,1.057447683654947e1,4.812426077174328e-47
-4.722777953595840e4,9.973109105507748e0,7.638234508856059e-42
2.096068322655593e6,9.477799709777174e0,9.129600891422982e-38
-4.941682810112634e7,9.037893985983518e0,2.593354371600557e-34
7.243152054913173e8,8.634072474953381e0,2.760588121327459e-31
-7.232452424375778e9,8.256405500126573e0,1.400822086870021e-28
5.225224817028623e10,7.898959986928406e0,3.926034347361842e-26
-2.850638163701568e11,7.557848364455710e0,6.707451184934494e-24
1.212371132715177e12,7.230359924028197e0,7.494357554921656e-22
-4.119852064589961e12,6.914518917495102e0,5.771204779279263e-20
1.140700018786098e13,6.608837623122629e0,3.189678756543215e-18
-2.614482435825097e13,6.312168376663196e0,1.306593201408865e-16
5.025623415725306e13,6.023609995512164e0,4.071759131973340e-15
-8.190449177065649e13,5.742446028000292e0,9.863852214053400e-14
1.142130400738356e14,5.468102592667258e0,1.891522636271833e-12
-1.373364866626227e14,5.200118796344731e0,2.916014071325663e-11
1.433481986962936e14,4.938125524790737e0,3.662449768079504e-10
-1.306143004323685e14,4.681829982930375e0,3.791488627014319e-9
1.043954897350935e14,4.431004294038579e0,3.268564415566555e-8
-7.349499564118573e13,4.185477036211994e0,2.367974933905309e-7
4.573416992971166e13,3.945126952529352e0,1.453551240331059e-6
-2.522965124153885e13,3.709878302414240e0,7.616292250077267e-6
1.236887633641376e13,3.479697473918613e0,3.429782388520350e-5
-5.399536012791307e12,3.254590578239333e0,1.335728430089375e-4
2.102122544700671e12,3.034601815867345e0,4.525064300250590e-4
-7.306689345328450e11,2.819812448900287e0,1.340761468041141e-3
2.269087954202747e11,2.610340242834749e0,3.492433230030484e-3
-6.297653140102703e10,2.406339257786755e0,8.036535207043112e-3
1.561886109979630e10,2.207999876267016e0,1.641299038145023e-2
-3.459549521898259e9,2.015548954158869e0,2.988186972016453e-2
6.836638327910696e8,1.829249974721130e0,4.870396841174591e-2
-1.203510972678896e8,1.649403073409005e0,7.135111221094519e-2
1.883326653608854e7,1.476344785334031e0,9.430928240753517e-2
-2.612582296771084e6,1.310447348915537e0,1.128576509708635e-1
3.201492589329313e5,1.152117381005692e0,1.226482713778676e-1
-3.450216778281148e4,1.001793723671634e0,1.213490583374662e-1
3.251912224359545e3,8.599442550956790e-1,1.094984129300209e-1
-2.661983711691673e2,7.270614619271840e-1,9.016578867444811e-2
1.875986975933826e1,6.036565938134445e-1,6.768576410192123e-2
-1.125477379767876e0,4.902522686266561e-1,4.616208658092183e-2
5.664739307948025e-2,3.873734734888254e-1,2.840035675467111e-2
-2.345702400601005e-3,2.955370124915020e-1,1.556033255706506e-2
7.777264510320573e-5,2.152395783168295e-1,7.423467868917340e-3
-1.983980467054270e-6,1.469447385245730e-1,2.963854908766842e-3
3.654099207499195e-8,9.106909688720530e-2,9.195969497267463e-4
-4.323040545085614e-10,4.796696458207504e-2,1.896932009705914e-4
2.466008046851645e-12,1.790324800503894e-2,1.699113698188118e-5
-4.127615768898670e2,1.069390388156560e1,3.867859376453932e-48
5.053845557394438e4,1.009467922465714e1,6.798678324848581e-43
-2.314558592161268e6,9.601171546642438e0,8.868364442842609e-39
5.631772722556357e7,9.162890115764292e0,2.729882584879038e-35
-8.521109992243417e8,8.760575986833528e0,3.135785309951221e-32
8.785451900672127e9,8.384329090126099e0,1.712364705923218e-29
-6.555796406804792e10,8.028232734761530e0,5.154887644279402e-27
3.695359677631052e11,7.688408848561734e0,9.447236573419623e-25
-1.624488977133151e12,7.362152120670010e0,1.131271675280398e-22
5.708503716946217e12,7.047489486068285e0,9.330691423700678e-21
-1.635255115077677e13,6.742933938749422e0,5.521215035669711e-19
3.879795222129452e13,6.447336984022922e0,2.420854007653817e-17
-7.724675288004625e13,6.159795302278266e0,8.074393218101576e-16
1.304809662660074e14,5.879589128802401e0,2.093535267287276e-14
-1.887171334859328e14,5.606140153390772e0,4.297296476591642e-13
2.355437240153585e14,5.338981950517872e0,7.092474646718906e-12
-2.554054836740116e14,5.077738746695377e0,9.538989070945708e-11
2.419771527575969e14,4.822109909916117e0,1.057740422927653e-9
-2.012972214773086e14,4.571858475484847e0,9.769991698011334e-9
1.476554464205511e14,4.326802589920665e0,7.586114606116646e-8
-9.584543060738937e13,4.086809111823069e0,4.992509267141065e-7
5.522403188983462e13,3.851788839405925e0,2.805555664010186e-6
-2.831584789422693e13,3.621692986733512e0,1.355390518321581e-5
1.294758845962029e13,3.396510632796307e0,5.664555621769035e-5
-5.288533910839680e12,3.176266936545185e0,2.059857446047645e-4
1.932071710702325e12,2.961021957438899e0,6.552818028391699e-4
-6.318847353068235e11,2.750869951603008e0,1.832948580607133e-3
1.850959830471876e11,2.545939032585752e0,4.530002951554393e-3
-4.856794515231166e10,2.346391095658055e0,9.937273953173409e-3
1.141225206585077e10,2.152421907437122e0,1.943402240994084e-2
-2.399684902491438e9,1.964261259562711e0,3.402585361080544e-2
4.510180336987162e8,1.782173077204044e0,5.354874170885685e-2
-7.564317148659480e7,1.606455361276429e0,7.603938038494912e-2
1.129582728821838e7,1.437439828541463e0,9.777510682492876e-2
-1.497601566438489e6,1.275491097794192e0,1.142189093283131e-1
1.756444950964344e5,1.121005255246577e0,1.215656774129910e-1
-1.814136437657004e4,9.744076209080183e-1,1.181536095046881e-1
1.640803704559080e3,8.361495340002470e-1,1.050274140006571e-1
-1.290445865987640e2,7.067039837613197e-1,8.541687839385443e-2
8.747322247740024e0,5.865599373675329e-1,6.347800496784845e-2
-5.053141426200054e-1,4.762152638235773e-1,4.294785475918881e-2
2.451480961458165e-2,3.761682246605893e-1,2.626039396243976e-2
-9.794173265073161e-4,2.869075984621806e-1,1.432162056918333e-2
3.135954693786375e-5,2.089016174908505e-1,6.809798376068440e-3
-7.732340143879713e-7,1.425859888573017e-1,2.712593448210583e-3
1.377683008701304e-8,8.835122380352274e-2,8.403648446496934e-4
-1.577981087882611e-10,4.652858077095936e-2,1.731870106433554e-4
8.721336337552307e-13,1.736457288165458e-2,1.550438920038898e-5
4.277684804096734e2,1.081209217465887e1,3.102032689112982e-49
-5.400639020984397e4,1.021495903576270e1,6.029270758030854e-44
2.550637465259378e6,9.723209275000744e0,8.571432727135656e-40
-6.401005284900762e7,9.286512465550175e0,2.855490429171231e-36
9.990960622654770e8,8.885668922314725e0,3.535032100872080e-33
-1.062889992061924e10,8.510807646468195e0,2.074735125494858e-30
8.186289719533401e10,8.156028113408874e0,6.700178698080238e-28
-4.764299855996785e11,7.817461710470122e0,1.315521869067463e-25
2.163227179214582e12,7.492408604493341e0,1.686095068079053e-23
-7.854745627672898e12,7.178898585615977e0,1.487549603212767e-21
2.326060143058289e13,6.875445615801521e0,9.411309860428095e-20
-5.708094508031177e13,6.580900698458032e0,4.410935712039135e-18
1.176120652916165e14,6.294358782705975e0,1.572410738217056e-16
-2.057180885921712e14,6.015097277887962e0,4.357369002637297e-15
3.083031175825784e14,5.742534020161605e0,9.560022137090455e-14
-3.990172134121593e14,5.476197723464471e0,1.686718578650411e-12
4.489959071393263e14,5.215706734143707e0,2.425571488373360e-11
-4.418200649626098e14,4.960753481863149e0,2.876482946657785e-10
3.820895383364789e14,4.711092945957234e0,2.842271127399733e-9
-2.916511514779401e14,4.466534022143524e0,2.361598048735928e-8
1.972147020410106e14,4.226933030812797e0,1.663612508141478e-7
-1.185103261583147e14,3.992188838527804e0,1.000993013697066e-6
6.345535697990613e13,3.762239216669707e0,5.179458708204974e-6
-3.034152074698293e13,3.537058163577720e0,2.319078561580974e-5
1.297916818234517e13,3.316653986124837e0,9.037072832701153e-5
-4.974073060385082e12,3.101067984052664e0,3.081464509246913e-4
1.709570616758371e12,2.890373612233152e0,9.240565555726627e-4
-5.273115601784137e11,2.684676016607534e0,2.448657099770862e-3
1.460128443979302e11,2.484111851635828e0,5.759970708265153e-3
-3.629410717406286e10,2.288849292484816e0,1.207987858510912e-2
8.094940089526615e9,2.099088155113757e0,2.268105723112238e-2
-1.618669404015479e9,1.915060032783864e0,3.827863033955630e-2
2.898097194915734e8,1.737028349095376e0,5.829075830225982e-2
-4.637776668980608e7,1.565288216275699e0,8.038338801695269e-2
6.618231394655026e6,1.400165974159675e0,1.007225460369270e-1
-8.397060383295954e5,1.242018271565993e0,1.150320978567681e-1
9.437561598511813e4,1.091230539573567e0,1.200613467339444e-1
-9.352840431261681e3,9.482146981885721e-1,1.147604607097074e-1
8.126473616998525e2,8.134059374074338e-1,1.005893151539344e-1
-6.146851937089757e1,6.872584246393803e-1,8.086334587041108e-2
4.011669700705079e0,5.702398169984572e-1,5.953113733922394e-2
-2.233542498819411e-1,4.628245028033044e-1,3.997826806765045e-2
1.045363746958947e-2,3.654855638249747e-1,2.430442102668320e-2
-4.032882922931676e-4,2.786855369122267e-1,1.319797993634631e-2
1.247987149408403e-5,2.028661513000484e-1,6.256066369917233e-3
-2.976524620946039e-7,1.384372952135949e-1,2.486676019020537e-3
5.133990112422364e-9,8.576540129487886e-2,7.692869685142830e-4
-5.697024918953442e-11,4.516053265471921e-2,1.584000067725796e-4
3.052732597285301e-13,1.685235871205765e-2,1.417351578744191e-5
-4.430045098070128e2,1.092907925063123e1,2.482696766280620e-50
5.763564709013200e4,1.033398831733954e1,5.328071875771942e-45
-2.805321124021580e6,9.843954590047362e0,8.244410143836127e-41
7.256567590602756e7,9.408804463991182e0,2.968737239078301e-37
-1.167669991080293e9,9.009396303822763e0,3.956071093073519e-34
1.280943926951864e10,8.635887657785856e0,2.492445056571276e-31
-1.017595168764694e11,8.282393947107804e0,8.624258013122451e-29
6.110379727659903e11,7.945055966683743e0,1.811869102500331e-26
-2.863553821618865e12,7.621179420498798e0,2.482523836385250e-24
1.073594808546458e13,7.308797098353189e0,2.339795612101358e-22
-3.284154724545000e13,7.006424147728250e0,1.580729555615863e-20
8.329068912092186e13,6.712911356278281e0,7.908933676823271e-19
-1.774547556161833e14,6.427352296683604e0,3.009325978489051e-17
3.211345373793496e14,6.149021978953757e0,8.900741387789496e-16
-4.982428181945287e14,5.877334889353350e0,2.084391350933090e-14
6.680299989744288e14,5.611815469355893e0,3.925830208902861e-13
-7.793001910388968e14,5.352076866363958e0,6.027614833997026e-12
7.956255821229168e14,5.097805356399123e0,7.633584359730257e-11
-7.144965813754713e14,4.848748762714359e0,8.057017687425587e-10
5.668543414215352e14,4.604707758382161e0,7.152756886373161e-9
-3.987987947265128e14,4.365529296284699e0,5.385184540570047e-8
2.496016793589074e14,4.131101639876367e0,3.464052675668395e-7
-1.393624941467127e14,3.901350620269291e0,1.916748121060807e-6
6.957520664926013e13,3.676236847751445e0,9.179944574253026e-6
-3.111754232300848e13,3.455753675856905e0,3.827401573934917e-5
1.248727567374037e13,3.239925764164620e0,1.396627414340763e-4
-4.501489708979387e12,3.028808118807697e0,4.482800598414433e-4
1.458932797358487e12,2.822485511530893e0,1.271654340346219e-3
-4.253248498039102e11,2.621072191831573e0,3.202544610671727e-3
1.115525193654796e11,2.424711814090748e0,7.191098730695634e-3
-2.631629338338108e10,2.233577503870904e0,1.445637597331909e-2
5.580974420582049e9,2.047871985587080e0,2.612205177189395e-2
-1.062961287726956e9,1.867827688224105e0,4.258824883843435e-2
1.815694061907033e8,1.693706737320314e0,6.287612922021086e-2
-2.776350112582135e7,1.525800730815856e0,8.435126666376369e-2
3.791104300967830e6,1.364430184561053e0,1.031576557918214e-1
-4.608918025724246e5,1.209943521656157e0,1.153390378848690e-1
4.969752723794510e4,1.062715470191060e0,1.181943092563109e-1
-4.730931022389719e3,9.231447287718386e-1,1.112224379089269e-1
3.953029423584549e2,7.916507614106462e-1,9.621492012318188e-2
-2.878566350439429e1,6.686695962748856e-1,7.651115902192547e-2
1.810468438128326e0,5.546485298634605e-1,5.583359937391429e-2
-9.723592693717515e-2,4.500396822630150e-1,3.723483857178184e-2
4.394105597254154e-3,3.552924115071675e-1,2.251528684779744e-2
-1.638225623770628e-4,2.708446736449752e-1,1.217741082621617e-2
4.903315767286664e-6,1.971135006185201e-1,5.755592496628101e-3
-1.132037339018070e-7,1.344848307270393e-1,2.283161738919780e-3
1.891524915687202e-9,8.330284993785651e-2,7.053937596292433e-4
-2.034841256122386e-11,4.385810667774145e-2,1.451248650019082e-4
1.057797303366602e-13,1.636482215126872e-2,1.297957568047582e-5
4.584685219996644e2,1.104490079086690e1,1.983048636611554e-51
-6.143031043498834e4,1.045180485505597e1,4.692383292002962e-46
3.079662331250466e6,9.963447074806447e0,7.892885903088260e-42
-8.206135163514879e7,9.529807320378738e0,3.068394408901383e-38
1.360474836855406e9,9.131800837563346e0,4.396154326110536e-35
-1.538002518112886e10,8.759613210209004e0,2.969752297949378e-32
1.259415751909540e11,8.407375583271835e0,1.099718842695623e-29
-7.797527451204361e11,8.071238096762714e0,2.469274036589292e-27
3.769059339052483e12,7.748512033861890e0,3.612449956700592e-25
-1.458035756883244e13,7.437233304886861e0,3.632932770654571e-23
4.603943761095474e13,7.135918430465370e0,2.617612881966240e-21
-1.205806615817567e14,6.843418232071416e0,1.396379341225767e-19
2.654349696833864e14,6.558825216887008e0,5.663939193856883e-18
-4.965698543666335e14,6.281412370126251e0,1.785712060501019e-16
7.969127456762109e14,6.010591270577065e0,4.457686279532703e-15
-1.105902246280892e15,5.745882603483726e0,8.950469390843670e-14
1.336206792036259e15,5.486894914738671e0,1.465234062137718e-12
-1.413991312430930e15,5.233309014056700e0,1.978879667130652e-11
1.317206714275352e15,4.984866355790161e0,2.227876896557850e-10
-1.084964180204003e15,4.741360288511134e0,2.110198592026923e-9
7.932175071188704e14,4.502629418906031e0,1.695496735446291e-8
-5.164372753439196e14,4.268552564957728e0,1.164243219401611e-7
3.002759187893432e14,4.039044925366992e0,6.878643613131325e-7
-1.562952863395339e14,3.814055194766997e0,3.518583823321071e-6
7.297418084948662e13,3.593563424556816e0,1.567205871013537e-5
-3.061317164685412e13,3.377579477715032e0,6.110689596661476e-5
1.155398169749689e13,3.166141959466400e0,2.096170518013711e-4
-3.927029668446366e12,2.959317528484984e0,6.355906549377443e-4
1.202791203677771e12,2.757200508242643e0,1.711119588231248e-3
-3.320888408686934e11,2.559912727005090e0,4.107554299168373e-3
8.265301466773668e10,2.367603519074454e0,8.827896576006632e-3
-1.853783617988318e10,2.180449820024947e0,1.705313871021285e-2
3.744174493430628e9,1.998656285503260e0,2.972095466246961e-2
-6.802746679241626e8,1.822455357202782e0,4.690367595731822e-2
1.110186710010964e8,1.652107191429775e0,6.725769547900207e-2
-1.624202532992474e7,1.487899355952174e0,8.792091529844480e-2
2.124878713416400e6,1.330146190489299e0,1.050944171061853e-1
-2.478143620068031e5,1.179187716536162e0,1.151839125804814e-1
2.566536148365171e4,1.035387974915102e0,1.160200963692983e-1
-2.349320156694365e3,8.991326666706453e-1,1.075857572568808e-1
1.889646071063552e2,7.708259772602346e-1,9.192884332885397e-2
-1.325956494466481e1,6.508864783052570e-1,7.236271644561063e-2
8.043999893080957e-1,5.397420282543234e-1,5.237311150574129e-2
-4.171004499916993e-2,4.378236353428857e-1,3.470016714168442e-2
1.821388735772105e-3,3.455583038357827e-1,2.087747287721928e-2
-6.567372056541613e-5,2.633609552316193e-1,1.124927351889070e-2
1.902585780899000e-6,1.916255907123100e-1,5.302525002332962e-3
-4.254873737686709e-8,1.307159111389282e-1,2.099492951716290e-3
6.891756618549912e-10,8.095552430057966e-2,6.478457326399679e-4
-7.191955617852014e-12,4.261698704667980e-2,1.331825350995575e-4
3.629203169476859e-14,1.590033135466053e-2,1.190623328711629e-5

