T	Ne_T	RE_Ne	Tmp_T	C_klm[8,[[0, 0], [1, 0]]]
0.000000000000000000e+00 3.628379167095511627e+10 0.000000000000000000e+00 3.201148085852765944e+05 1.286226925452757897e+01 -5.110933180723144279e-16 5.888034195884475075e+00 -1.081979324108392087e-16 1.099907249915526908e+00 -1.447791695145904195e-17 7.503288183414498466e-16 6.187338887569388086e-17 6.567683686742471059e-15 1.311903837951450776e-16 2.984179518435965711e-15 -3.312251724883744747e-17 -1.115998315630560797e-14 -2.397988874718503180e-17 2.668285317589257512e-15 -2.102713486218284851e-17 8.641326557255771592e-15 3.650850051494048633e-17 
9.999999999999999547e-08 3.628379167095188141e+10 8.915449935844169203e-14 3.181645484816840035e+05 1.286226925452643322e+01 2.701910055820696516e-09 3.777186299945469727e-01 -6.212944131475918355e-10 -1.821140319907455840e+00 5.538129266245051492e-10 1.971656928458074276e-01 2.701865875589424387e-11 2.366474576450610101e-01 1.363182967786252651e-10 -5.452289518840913729e-02 8.981537833798406793e-10 -4.772744039755449919e-02 1.162658434052655018e-09 2.577858534723631578e-02 1.706931709699035696e-09 1.468237002827876836e-02 -1.980930918462418962e-09 
1.999999999999999909e-07 3.628379167094853210e+10 1.814630494017339075e-13 3.162212649707242963e+05 1.286226925452524839e+01 -3.048001860827829054e-10 3.625663671078784844e-01 -3.353980814454307341e-10 -1.764240381808638736e+00 3.135705622752006996e-10 1.799721342155304882e-01 -4.745717180795277990e-10 2.052233062395991681e-01 3.161347285436689170e-10 -5.804275573229489282e-03 3.442899867070949120e-10 -8.349327089792346612e-02 1.610070281052291002e-09 3.329911644617311595e-02 9.531368988496218513e-10 3.325055403928445230e-02 -5.994835914151942281e-11 
2.999999999999999864e-07 3.628379167094155884e+10 3.736498711319596248e-13 3.142850968661872321e+05 1.286226925452277214e+01 -8.954369025900361969e-10 3.473362915982454169e-01 1.739872484417728042e-09 -1.707019446360489079e+00 1.914780332578173801e-09 1.629097827946743848e-01 1.365765848273337865e-09 1.735305134764351109e-01 -7.421910756346188903e-10 4.315835030320158694e-02 -5.046521753369714407e-10 -1.193714949282651538e-01 1.888991654787887873e-09 4.071296055042239459e-02 1.042818480556059733e-09 5.222463193696569306e-02 -5.969270164568690261e-10 
3.999999999999999819e-07 3.628379167093473053e+10 5.618415619947080091e-13 3.123561795005948516e+05 1.286226925452034919e+01 -6.551837483326285287e-10 3.320294182125804738e-01 -2.905322535856079485e-10 -1.649481403498380461e+00 -6.297748273111055895e-10 1.459818670328374424e-01 1.497361588051621291e-09 1.415726267988874909e-01 -6.304020807842793821e-10 9.236285333542681997e-02 1.129347334250728558e-11 -1.553636404474385557e-01 5.457443101169293085e-10 4.802320585974584333e-02 -2.857845566388513238e-10 7.160915212402585439e-02 1.246922738879636258e-09 
4.999999999999999774e-07 3.628379167093112946e+10 6.610890235446714417e-13 3.104346446307273582e+05 1.286226925451907555e+01 -2.944409631877218546e-10 3.166467537146901989e-01 4.079600156240055328e-10 -1.591630137740908779e+00 2.671020179000100478e-10 1.291915206673639460e-01 -4.370512762370080726e-10 1.093532822825844519e-01 -7.574943619117604150e-10 1.418071604786383944e-01 4.645609551041507875e-10 -1.914713220110737524e-01 -1.757646723134551863e-10 5.523304515067550824e-02 -2.423598397275505282e-10 9.140879580107252877e-02 -6.843150773485764338e-10 
5.999999999999999728e-07 3.628379167092794037e+10 7.489819026291728688e-13 3.085206205579502275e+05 1.286226925451794578e+01 -3.573987354597645893e-10 3.011893139109300677e-01 -8.103378650956958193e-10 -1.533469551220758564e+00 -4.840620666672061120e-12 1.125417900847143216e-01 6.415177083382517496e-10 7.687623520701958313e-02 -8.636289320209151826e-10 1.914891764597754786e-01 -8.231702094226906602e-10 -2.276961349268380452e-01 -4.324389823584674575e-10 6.234570938732630907e-02 9.220660922101912927e-11 1.116283146723304753e-01 1.185257890933906773e-09 
6.999999999999999683e-07 3.628379167092053223e+10 9.531541169618305851e-13 3.066129879969128524e+05 1.286226925451532033e+01 -1.927569860283256824e-09 2.855634639896145188e-01 4.891103575261561434e-10 -1.474892880900343872e+00 -9.602518849828861389e-10 9.603197254187811893e-02 -2.008020955852947779e-09 4.401411103495611599e-02 4.959687650498277821e-10 2.415759129535750560e-01 -1.556840202367541289e-09 -2.641090307391902314e-01 -1.638499811276340780e-09 6.926694391930610095e-02 -5.656536831980652888e-10 1.324833758017653906e-01 -1.544155476855313511e-10 
7.999999999999999638e-07 3.628379167091416931e+10 1.128519335039520312e-12 3.047114719651046908e+05 1.286226925451306258e+01 -9.587711308528923404e-10 2.698002827045637986e-01 1.065492068735815865e-09 -1.415853155079006109e+00 1.129548997777076785e-09 7.964864433068363780e-02 -1.673006550849214773e-09 1.072419995088580436e-02 4.644054305167624767e-11 2.921264907071723371e-01 -2.979815373886893685e-10 -3.007348093330426408e-01 -9.518797771571788377e-10 7.596453990467466610e-02 -8.874693310259916638e-10 1.540531355737471131e-01 1.920058218096754208e-09 
8.999999999999999593e-07 3.628379167090399933e+10 1.408809305899904222e-12 3.028162365517563303e+05 1.286226925450946368e+01 -2.483919612357442371e-09 2.539227488261337484e-01 2.127689699134628643e-10 -1.356349947127236666e+00 -9.923626843090468749e-10 6.339001584778891640e-02 -9.706748455761324267e-10 -2.298893921963252041e-02 4.965083200096291442e-10 3.431382049220736974e-01 3.612133576306499225e-10 -3.375744210441817827e-01 -5.609544192457347941e-10 8.244233376732523766e-02 4.951917503589696707e-10 1.763422941730539151e-01 1.107235848493068121e-09 
9.999999999999999547e-07 3.628379167090049744e+10 1.505323256856330410e-12 3.009268844018221716e+05 1.286226925450822201e+01 5.806146293262104898e-10 2.379048682921416358e-01 -5.312103256997250763e-10 -1.296398503848084305e+00 -8.714499868617379482e-10 4.729660171250671397e-02 -4.411127300283422078e-10 -5.712196257306256797e-02 -9.256063691136790058e-10 3.945651541502890325e-01 -9.382593771004382556e-10 -3.745966934476530064e-01 4.125486643173875894e-10 8.872607058733805729e-02 7.439289711661969645e-10 1.993006389981033522e-01 5.433299522699003460e-10 
1.100000000000000056e-06 3.628379167090087891e+10 1.494809754573495366e-12 2.990428110178807983e+05 1.286226925450835523e+01 1.045516165554000598e-09 2.217385233892912311e-01 6.471145724856911470e-11 -1.236012724710448429e+00 5.256973651085490526e-10 3.141776694232589762e-02 -6.750974167029534729e-10 -9.167398889519429162e-02 -1.170601717355882514e-09 4.463464424088918747e-01 -1.039948906466273279e-11 -4.117563776680279730e-01 -2.410925965413149712e-10 9.484721500766113422e-02 -8.760817130789297170e-10 2.228586252965740755e-01 -5.087743856071792973e-10 
1.199999999999999946e-06 3.628379167088951874e+10 1.807901852556324800e-12 2.971642085461319075e+05 1.286226925450432468e+01 6.111427414336148703e-10 2.054650309283463372e-01 2.591918509530521298e-09 -1.175187951519806262e+00 -7.019937885176122102e-10 1.574895618183802526e-02 1.530492198193432045e-10 -1.266423405901777599e-01 1.140516705894312948e-09 4.984814675766351399e-01 2.510626666795138241e-09 -4.490533375100844715e-01 -2.190579159886328159e-11 1.008059735252828659e-01 8.833450440710451603e-10 2.470253798554864488e-01 -8.985642261984244926e-10 
1.299999999999999835e-06 3.628379167087942505e+10 2.086089122960141459e-12 2.952912653030153597e+05 1.286226925450075242e+01 9.878118077043069537e-10 1.890853477010558947e-01 1.236639675876701519e-09 -1.113927747807587298e+00 5.155507047706839040e-10 2.941914675496093423e-04 6.897533062743211166e-10 -1.620221364265210795e-01 -2.880231664384188074e-11 5.509674858767894534e-01 1.597990869828317349e-09 -4.864889246059247441e-01 6.971370201626435556e-10 1.066054716088409293e-01 -2.843705685552684041e-09 2.718082287344039116e-01 7.564317776450444151e-11 
1.399999999999999725e-06 3.628379167087916565e+10 2.093238304512469668e-12 2.934241026144342031e+05 1.286226925450065650e+01 -5.877427666715765768e-11 1.725982392922675857e-01 -2.907203855123566162e-10 -1.052240612871655046e+00 -1.517617264535361581e-09 -1.494461207036046346e-02 5.217179063008138995e-10 -1.978033210874086123e-01 -1.182732676723587075e-09 6.038049465288715112e-01 1.147236580640525163e-09 -5.240703784724898284e-01 1.148975135698848128e-09 1.122466040851364255e-01 9.318175158180563842e-10 2.972218420302326081e-01 2.055327058726537981e-10 
1.499999999999999614e-06 3.628379167087537384e+10 2.197742517203850320e-12 2.915628814556974685e+05 1.286226925449931002e+01 9.610033364343904896e-10 1.560072594567527560e-01 8.215515498797459550e-11 -9.901311574731574972e-01 4.034375433238234659e-10 -2.996475538909848524e-02 5.896413551872208343e-10 -2.339795053673352498e-01 9.127688679363151429e-10 6.569926687807416954e-01 6.900595020765932312e-10 -5.618010798523109806e-01 2.740722362585057174e-10 1.177316733773281499e-01 -3.877554450380290483e-10 3.232764646902985817e-01 7.265035261344044984e-10 
1.599999999999999504e-06 3.628379167086849976e+10 2.387195828340539197e-12 2.897077868526543607e+05 1.286226925449687997e+01 1.529807201995492010e-09 1.393156245281623740e-01 1.069714374143527029e-09 -9.276057479952872775e-01 1.534519947351385024e-09 -4.475852327914964235e-02 -4.373021550271138575e-10 -2.705494828930845586e-01 1.595344121121890325e-09 7.105304681880824091e-01 7.989597396151103582e-10 -5.996818402236794299e-01 7.341816897588185590e-10 1.230601296817113166e-01 1.484162768830862204e-10 3.499860163828678594e-01 -1.752565144687393827e-09 
1.699999999999999394e-06 3.628379167085795593e+10 2.677789031438101284e-12 2.878590117255218211e+05 1.286226925449313718e+01 7.288348953518379069e-10 1.225270148110713109e-01 -8.673639337622907293e-10 -8.646758061182073796e-01 5.186519357360981003e-10 -5.931129436704196678e-02 -2.908256052239141550e-09 -3.075183741589206932e-01 6.493993789870147489e-10 7.644218999049527952e-01 4.559713576550901369e-10 -6.377126325518975847e-01 -5.980287603996508751e-10 1.282256365940099840e-01 -3.093920257722632935e-10 3.773741610026846161e-01 -1.112703819673861866e-09 
1.799999999999999283e-06 3.628379167085428619e+10 2.778928923398974900e-12 2.860167248745420366e+05 1.286226925449183689e+01 1.915829394313748510e-09 1.056413849751463019e-01 7.939467895214113960e-10 -8.013453651963038382e-01 1.217347772744276250e-09 -7.361918769917252803e-02 6.433799636426691528e-10 -3.448807687051895776e-01 2.960676029036543814e-10 8.186647738297665455e-01 -1.652155557305760539e-09 -6.758951945559159569e-01 -1.719951755636121642e-10 1.332314958866120946e-01 -6.305061229321145734e-10 4.054499062061829306e-01 2.972330079099147018e-10 
1.899999999999999173e-06 3.628379167085372162e+10 2.794488906777570903e-12 2.841810910265930579e+05 1.286226925449163438e+01 2.018548075438119138e-09 8.865973549935368681e-02 -3.258825349656451596e-10 -7.376182372227040318e-01 3.070620224879911325e-10 -8.767862684359073455e-02 -1.185817480419732007e-09 -3.826311864694407205e-01 1.531646152252580305e-09 8.732570085620707800e-01 -1.620376923089048584e-09 -7.142312467433802325e-01 1.530682719230967962e-09 1.380810097075375609e-01 -9.399407752245232898e-10 4.342225415486744566e-01 1.603359801755798664e-09 
1.999999999999999062e-06 3.628379167084944153e+10 2.912450402390980912e-12 2.823522708420001436e+05 1.286226925449011915e+01 7.196093807244205736e-10 7.158306797109315056e-02 1.814578839985020076e-10 -6.734982438780088287e-01 -1.974327127772719517e-11 -1.014861659816972406e-01 1.345476022062120160e-09 -4.207639861632115341e-01 6.032496778752728403e-10 9.281965690161158022e-01 -3.728717312123616375e-11 -7.527225455541350918e-01 3.315618822422657216e-10 1.427775960158541579e-01 4.857369003867110351e-10 4.637015344230626113e-01 -2.789066135958824367e-11 
2.099999999999998952e-06 3.628379167084274292e+10 3.097067502477565494e-12 2.805304208585927845e+05 1.286226925448774594e+01 -9.914569768722646634e-10 5.441237848916991027e-02 1.472572469107878321e-09 -6.089892055845012031e-01 -3.376162682387276747e-09 -1.150384974486211576e-01 1.227738667312523703e-09 -4.592733780306827995e-01 7.905530145565053716e-10 9.834814994910168195e-01 1.225188495916594495e-09 -7.913709187932134181e-01 1.364911127297665110e-09 1.473248091141847738e-01 1.295224253799228880e-09 4.938965716622227831e-01 1.674579286964887971e-09 
2.199999999999998842e-06 3.628379167084268951e+10 3.098539392797162348e-12 2.787157308758519939e+05 1.286226925448772818e+01 -1.593656062679230023e-09 3.717499902680909685e-02 -2.817579466955391171e-10 -5.441872276001977760e-01 -7.689016876916276823e-10 -1.282101178616361636e-01 -1.352112288235143227e-09 -4.982061879433632434e-01 1.076242945534709592e-09 1.039022162422178042e+00 -8.617238283292696965e-10 -8.299804818426586017e-01 -2.274317202460709239e-10 1.515372180388041556e-01 -7.230971585578637271e-10 5.248738668735377644e-01 -1.788583054752908229e-09 
2.299999999999998731e-06 3.628379167083535004e+10 3.300819176718909579e-12 2.769072387220434612e+05 1.286226925448512226e+01 1.096006641489526408e-09 1.981080914905231083e-02 3.765482740559243177e-10 -4.791186424179416647e-01 1.680338198758074394e-09 -1.408521741319894716e-01 1.282702087094355146e-09 -5.376865906909413795e-01 -1.605910925562763618e-09 1.094772015975568280e+00 -8.597829362346387678e-10 -8.683314050238366555e-01 2.199654247996026297e-10 1.551868689595963247e-01 -1.283136130295397057e-09 5.566947499416716738e-01 5.012621760645643407e-10 
2.399999999999998621e-06 3.628379167083229065e+10 3.385137465027247204e-12 2.751051540677058510e+05 1.286226925448403691e+01 2.624959473717805571e-10 2.384930040123300898e-03 -4.431329521524480398e-10 -4.137745598626172416e-01 -6.081288964595670020e-10 -1.529693141197370210e-01 -3.991654281537744272e-10 -5.777128004484790580e-01 2.145897870288728609e-10 1.150730917728360225e+00 -5.347518222036553500e-10 -9.064207015074408069e-01 -5.827276138671981619e-11 1.582691590427920403e-01 -3.968683607363554885e-10 5.893769671780457742e-01 -5.555151374861107706e-10 
2.499999999999998510e-06 3.628379167082899475e+10 3.475974124750942439e-12 2.733096812911604648e+05 1.286226925448286806e+01 -1.322483824085666756e-09 -1.510116898851610046e-02 -1.531884052226322225e-09 -3.481606088554003442e-01 -2.105956841321584004e-09 -1.645592275042631059e-01 -2.064793268530910429e-09 -6.182756299160221403e-01 -8.815022234860817303e-10 1.206896531014415075e+00 -3.779666265944811534e-10 -9.442525459907066265e-01 2.247481185358726708e-09 1.607900212407429308e-01 3.239669363891280407e-09 6.229310803859728907e-01 8.569174159676459485e-10 
2.599999999999998400e-06 3.628379167082848358e+10 3.490062217809941589e-12 2.715210194424455985e+05 1.286226925448269043e+01 1.387077427685149799e-09 -3.264602641166991503e-02 1.003149433504799968e-09 -2.822824071626692799e-01 -8.394920853762243309e-10 -1.756198630917982229e-01 -1.634788004985538197e-09 -6.593656949836632641e-01 2.734969511442798118e-11 1.263266456734967846e+00 1.540205352062534290e-09 -9.818315185772141795e-01 5.053332038333989126e-10 1.627548846514486058e-01 3.253221244288792306e-09 6.573666833361944128e-01 -1.781862346947474216e-09 
2.699999999999998290e-06 3.628379167082823181e+10 3.497001129316612932e-12 2.697393621097394498e+05 1.286226925448259806e+01 1.532932958023341138e-10 -5.024820111030869896e-02 -2.553439354570977226e-11 -2.161455366126321387e-01 -6.545943838495095406e-10 -1.861494534245213828e-01 -6.554034693110619276e-10 -7.009734913421863389e-01 -9.837754663280416274e-10 1.319838172587473935e+00 -1.425909759912738708e-09 -1.019163044224210335e+00 -7.624786798358025293e-10 1.641679601316070602e-01 1.161863879302900233e-09 6.926912956396051868e-01 2.466023139279963429e-10 
2.799999999999998179e-06 3.628379167082851410e+10 3.489221137627314931e-12 2.679648975772512495e+05 1.286226925448270286e+01 -7.259296488897477249e-10 -6.790624878624207383e-02 4.516265658148574533e-10 -1.497555679499642523e-01 -7.582787736987933671e-11 -1.961464589100838651e-01 -3.101480926688897345e-11 -7.430891972182323002e-01 -9.531441660250016034e-10 1.376609483460377703e+00 1.678446555065679782e-09 -1.056251952786760206e+00 -1.377784061607956459e-09 1.650348101500753728e-01 -1.168850517184446138e-09 7.289141412838571199e-01 2.361523916749477376e-10 
2.899999999999998069e-06 3.628379167082567596e+10 3.567441594611607870e-12 2.661978086622057017e+05 1.286226925448169922e+01 5.727818245278878273e-10 -8.561874928851764821e-02 5.959177621989024892e-10 -8.311803032270148606e-02 -6.795759164351830179e-10 -2.056096086642336118e-01 -2.771233192105788631e-10 -7.857027918727901294e-01 -1.230977327936689076e-09 1.433578381650985278e+00 1.917010193980732199e-10 -1.093103138867655755e+00 -1.289334694404787984e-09 1.653614462614072522e-01 -1.354172424449958017e-09 7.660452079770028178e-01 -1.811512013804089685e-10 
2.999999999999997958e-06 3.628379167082196045e+10 3.669843106846422281e-12 2.644382727302616695e+05 1.286226925448037939e+01 4.811261184806717250e-10 -1.033842904829294085e-01 1.582621919588089628e-09 -1.623843349672648984e-02 1.160720765010219295e-09 -2.145379351506795373e-01 5.075332208085763659e-10 -8.288041883475356641e-01 -1.138864358135797652e-09 1.490742629569549393e+00 5.303887752510604704e-10 -1.129722264546729527e+00 1.172780068859838086e-09 1.651531785688007403e-01 2.384320864912897592e-10 8.040940358133106258e-01 -4.676589162769826543e-10 
3.099999999999997848e-06 3.628379167082450104e+10 3.599823181642740268e-12 2.626864617864429019e+05 1.286226925448128000e+01 4.009776612445344494e-10 -1.212014627286164270e-01 -7.152600418957480804e-11 5.087772811233914894e-02 2.088171525309814199e-09 -2.229307337398047650e-01 -1.583573072928331678e-10 -8.723831019899770389e-01 6.802152649133777801e-11 1.548100051475927330e+00 -3.796901212401235734e-10 -1.166115125022111121e+00 9.902718305684250938e-10 1.644153865319566421e-01 4.156410306817253080e-10 8.430701691519946195e-01 1.177654951488636921e-09 
3.199999999999997738e-06 3.628379167081514740e+10 3.857614257617857033e-12 2.609425338808912784e+05 1.286226925447796532e+01 1.182778391992756458e-09 -1.390691584146468429e-01 2.259455623608088318e-10 1.182240633334887825e-01 -3.168611638645336181e-10 -2.307886595315569167e-01 1.207135930313051358e-09 -9.164288838611716059e-01 5.867502558277342694e-10 1.605650262386536298e+00 7.298122827524559048e-10 -1.202286619476093943e+00 -5.592061401698472134e-10 1.631531500823726333e-01 4.544621754228491154e-10 8.829838806681706842e-01 1.426919479759147112e-10 
3.299999999999997627e-06 3.628379167080820465e+10 4.048959999165456092e-12 2.592066184206861653e+05 1.286226925447550329e+01 -2.249396845974585454e-09 -1.569865772189382724e-01 6.045054157184626729e-10 1.857917697247817301e-01 2.547823560897684664e-09 -2.381157435179659387e-01 -1.785682094727925310e-09 -9.609306530033943083e-01 2.687997143231827224e-09 1.663396693405939430e+00 1.495967383263232756e-09 -1.238240631157187410e+00 -8.492356685861885847e-10 1.613676531817702653e-01 -1.006945507355103410e-09 9.238445986737406912e-01 1.500723056098128870e-10 
3.399999999999997517e-06 3.628379167080178070e+10 4.226007377608398732e-12 2.574788721086341830e+05 1.286226925447322067e+01 -5.086296544809230145e-10 -1.749504743742509305e-01 1.692096415808572340e-10 2.535759254966423182e-01 1.681598010139447132e-10 -2.449120724387539028e-01 -1.133433821227532608e-10 -1.005877839306511756e+00 4.391958641852420669e-10 1.721337926427636944e+00 6.318229566911086482e-10 -1.273982171263761565e+00 -1.809003332857525882e-10 1.590652524233249210e-01 -1.711781183578481393e-10 9.656635138374767280e-01 2.390563178683250282e-11 
3.499999999999997406e-06 3.628379167079463959e+10 4.422820140343072281e-12 2.557594367731387320e+05 1.286226925447069469e+01 7.669634032428391220e-10 -1.929597427113005637e-01 1.447809328512647886e-09 3.215698274394878098e-01 1.446991006293648454e-09 -2.511816100202430846e-01 1.284384949527695370e-09 -1.051265056946515397e+00 6.755885020214297339e-10 1.779468591656254262e+00 -1.357424481388731149e-09 -1.309514849850779150e+00 2.065922306490914955e-09 1.562590360960385283e-01 -1.254881300636446736e-09 1.008453525414964247e+00 3.130154586600237189e-09 
3.599999999999997296e-06 3.628379167078903198e+10 4.577368623900747978e-12 2.540484535787585191e+05 1.286226925446870339e+01 -6.547262037470240544e-10 -2.110125967903906385e-01 -1.147674574803752060e-09 3.897675410048981881e-01 -4.502390015956625036e-10 -2.569269308506267890e-01 -5.361008816451611474e-10 -1.097084331295513415e+00 -7.177401162190281563e-11 1.837785172334147177e+00 2.078428393921165105e-10 -1.344843106680285505e+00 -7.199861249723123962e-11 1.529594198281785111e-01 5.433417496464525081e-10 1.052227066140856593e+00 -2.346949705606276628e-10 
3.699999999999997186e-06 3.628379167078630829e+10 4.652435030200191152e-12 2.523460636116192618e+05 1.286226925446773528e+01 6.113729823569540836e-11 -2.291073924191282529e-01 -3.278529932002231254e-10 4.581638315053890853e-01 1.082063966063326271e-09 -2.621488179474349423e-01 -2.507488398861405428e-10 -1.143324044944971529e+00 -2.414166328744935335e-10 1.896287396047306117e+00 -1.107825947688702728e-09 -1.379971474320963676e+00 -1.793998389847829137e-10 1.491740750113947911e-01 -4.090675623339060759e-10 1.096994655211887881e+00 2.451690290919760089e-11 
3.799999999999997075e-06 3.628379167078054810e+10 4.811188914671000947e-12 2.506524020046143269e+05 1.286226925446569602e+01 -8.589460348805803836e-10 -2.472428143045206639e-01 7.151524554718414077e-11 5.267532946567943242e-01 7.603924006213542300e-10 -2.668487328772712885e-01 6.876567637957759307e-10 -1.189973254275756620e+00 9.453358343478059520e-11 1.954973885974979453e+00 -3.401601875692290717e-10 -1.414905519513772081e+00 -1.205636044105459843e-09 1.449112538046506415e-01 2.649078388507110304e-10 1.142768170042298692e+00 -1.180006394446990584e-09 
3.899999999999997388e-06 3.628379167078011322e+10 4.823174307273432643e-12 2.489675987461187469e+05 1.286226925446553793e+01 -4.580162241119589768e-10 -2.654175101238180901e-01 -5.710720431427113986e-10 5.955305587776922316e-01 -3.809993574905353058e-10 -2.710284155500275460e-01 4.936693478974939414e-10 -1.237020887833150784e+00 -1.907803174028865298e-09 2.013843378253611149e+00 7.091959407649753895e-10 -1.449650889470066595e+00 -3.052881195883804906e-10 1.401794123788349111e-01 -3.788585906417492061e-10 1.189559673169961140e+00 -2.147431544038234469e-10 
3.999999999999997278e-06 3.628379167077652740e+10 4.922001228732083151e-12 2.472916095350777905e+05 1.286226925446427494e+01 -1.341121068705976875e-09 -2.836382003462034618e-01 8.434350577289874695e-10 6.644788122227314187e-01 -1.691297745716621437e-09 -2.746863481825059239e-01 2.072752202008706923e-10 -1.284445636103083821e+00 -2.066620912976967360e-09 2.072885578292297026e+00 1.274992307002250839e-09 -1.484220402330376221e+00 -7.524338236692377607e-10 1.350040377206127573e-01 1.555338210220524506e-09 1.237379585851191344e+00 2.218603380080725313e-09 
4.099999999999997167e-06 3.628379167077249146e+10 5.033234082884478279e-12 2.456239278171377373e+05 1.286226925446284319e+01 -8.530956733357965121e-10 -3.019238837318889423e-01 -1.558073233003964704e-10 7.335542660885818744e-01 7.754000852672268972e-11 -2.778032573386930437e-01 -4.004670226527466917e-10 -1.332192944935721268e+00 4.831145983552660381e-10 2.132061565096730504e+00 3.642612218438164471e-10 -1.518652949700368460e+00 6.476865805675263740e-10 1.294546655871542384e-01 6.854995178417482554e-10 1.286244418500119835e+00 2.392096621520948034e-10 
4.199999999999997057e-06 3.628379167076558685e+10 5.223528474203793814e-12 2.439646831423246185e+05 1.286226925446039360e+01 -7.225250537483217550e-10 -3.202345833620574567e-01 -1.126786819630608118e-09 8.027620401640327419e-01 6.524105061973058861e-10 -2.803772564417998936e-01 5.356533892338265412e-11 -1.380257843376536009e+00 -1.128549320808585247e-09 2.191373077504895406e+00 3.770895819226097747e-10 -1.552939377234444862e+00 1.840330988170383251e-09 1.235307067633470979e-01 -2.522796572780466648e-10 1.336178331493023119e+00 4.760342050478593008e-10 
4.299999999999996947e-06 3.628379167075949097e+10 5.391534240683498465e-12 2.423140000396389223e+05 1.286226925445822822e+01 1.123292803954147927e-09 -3.385689728881589033e-01 5.129310715163075890e-10 8.720968407291653790e-01 9.169513043721335656e-10 -2.824093388007957728e-01 -5.173061541945674959e-10 -1.428627748413278109e+00 1.247163575681477261e-09 2.250822104709673255e+00 -1.018650075235319459e-09 -1.587080153403916505e+00 -1.605228017301353152e-09 1.172439133173241999e-01 -7.432605572215166472e-10 1.387196663877393821e+00 -2.677007849739836684e-10 
4.399999999999996836e-06 3.628379167075328064e+10 5.562694057848054497e-12 2.406713342881163408e+05 1.286226925445603264e+01 1.511058617647742362e-09 -3.569659254889412381e-01 7.464490038157536466e-11 9.415365321931921105e-01 -5.281557898629612217e-10 -2.838461053219383246e-01 3.365684976097185121e-10 -1.477294504179351264e+00 8.996096236499436774e-10 2.310345748982921776e+00 -1.013414845401142161e-09 -1.621031123187304690e+00 -1.689598142257677217e-09 1.106340506001828317e-01 -1.362333489888407571e-09 1.439234483345421145e+00 2.721949284826497744e-09 
4.499999999999996726e-06 3.628379167074649811e+10 5.749624128436862592e-12 2.390355833994784916e+05 1.286226925445362212e+01 1.285788821074291390e-09 -3.754576784734009465e-01 4.061145138246613513e-10 1.011056349077305239e+00 -9.763845673413608426e-10 -2.845811702761089634e-01 -2.516276924374292225e-09 -1.526261807309015062e+00 4.588258899445818453e-10 2.369826523564306342e+00 9.065784420712358161e-10 -1.654694454948786309e+00 -2.859801338502977484e-10 1.037525526279168275e-01 -1.031386086684426889e-09 1.492169609517245199e+00 8.061003790178882260e-10 
4.599999999999996615e-06 3.628379167074251556e+10 5.859385092269661270e-12 2.374069288981356658e+05 1.286226925445220992e+01 4.054659362520119762e-10 -3.939635354467565520e-01 1.593517697044789506e-09 1.080674510988286485e+00 1.628829042503648770e-09 -2.846072659095737478e-01 -1.716721795686589559e-09 -1.575535605304561049e+00 -4.523854246435256523e-10 2.429265988572286261e+00 2.748139181370925773e-10 -1.688053491823058305e+00 6.134566905394830686e-11 9.657707811252436159e-02 7.491401440256315773e-10 1.546047058059164536e+00 2.393390120674540933e-10 
4.699999999999996505e-06 3.628379167073544312e+10 6.054305424593423829e-12 2.357855466321390995e+05 1.286226925444970881e+01 -1.727572110946580569e-10 -4.124824882363959944e-01 5.794603789978776361e-10 1.150387017216718544e+00 2.738179717864001327e-10 -2.839263542370691340e-01 1.365012533412024254e-10 -1.625104822441005403e+00 -3.123433490038472867e-10 2.488667372411157430e+00 -1.057977862637531434e-09 -1.721113778572762598e+00 -1.353510240457576717e-09 8.911352441140962810e-02 1.138972703914721848e-10 1.600890771993645156e+00 -1.372637968013108634e-09 
4.799999999999996395e-06 3.628379167073139191e+10 6.165958818837132690e-12 2.341712410581010918e+05 1.286226925444827174e+01 -5.538547900112174397e-10 -4.310294574098509912e-01 3.753014849216232250e-10 1.220154225491443256e+00 -1.927379915443348957e-10 -2.825553050406366395e-01 -5.223408399213049280e-10 -1.674921721241703132e+00 -7.139463959897007881e-10 2.548056977403327039e+00 1.271075345856132414e-10 -1.753923370592136877e+00 8.307755842497248281e-10 8.135124389055903293e-02 1.779207917082485941e-09 1.656776935770331693e+00 9.569559443745439253e-10 
4.899999999999996284e-06 3.628379167072721863e+10 6.280976533811348992e-12 2.325641726890550635e+05 1.286226925444678315e+01 -1.335606415932432684e-09 -4.495805031746584746e-01 3.920309776258257528e-10 1.289977924079594551e+00 -4.158271447292727811e-10 -2.804934432387469201e-01 5.552646591518908445e-11 -1.724979005040338187e+00 3.669770959188240485e-10 2.607438684548611718e+00 -5.657467498388739368e-10 -1.786481753220503066e+00 -1.405549385813734400e-10 7.328659665508041599e-02 -2.173802012951774722e-09 1.713739044914041942e+00 2.780502329089889467e-10 
4.999999999999996174e-06 3.628379167072241211e+10 6.413446662575070672e-12 2.309631988580124453e+05 1.286226925444508673e+01 1.104050259759631083e-09 -4.682402251715700459e-01 -8.275113946297043057e-10 1.359910331229286617e+00 -1.339304666665525801e-09 -2.776615206995689533e-01 -6.834191571535919060e-11 -1.775380617971147768e+00 4.881761314371503073e-10 2.666812129763364680e+00 -4.890294955668713613e-10 -1.818649432964744683e+00 1.492773042115704361e-09 6.477599612786377747e-02 5.183780756009890349e-10 1.771800001096964339e+00 2.261630733383153140e-11 
5.099999999999996063e-06 3.628379167071997833e+10 6.480522807139559382e-12 2.293684758396676043e+05 1.286226925444421987e+01 -1.754794237745963089e-10 -4.869280638867863331e-01 9.142285627428958225e-12 1.429985144493455707e+00 4.039943614928617605e-10 -2.740587262284490677e-01 -3.755797848737371695e-10 -1.826128253238779475e+00 -1.390056221176407603e-10 2.726181876497744128e+00 -6.958053737036580260e-10 -1.850413046248608140e+00 -2.189076308247793188e-10 5.579956749654257919e-02 -5.369170147373134756e-10 1.831009336910727425e+00 2.762321850702806254e-10 
5.199999999999995953e-06 3.628379167071315002e+10 6.668714498002307060e-12 2.277802337795486965e+05 1.286226925444180580e+01 2.631807025377535485e-10 -5.056376586518531724e-01 -5.797127011415608297e-10 1.500199231467064909e+00 6.525182260242771656e-10 -2.696904028799806952e-01 2.917662805843834673e-09 -1.877205289123135667e+00 2.192806801817367311e-09 2.785552657424155143e+00 1.970233449556186329e-11 -1.881783461906544552e+00 -7.943336266878733141e-10 4.636938094733267235e-02 1.640588938208617290e-10 1.891394218200495914e+00 -4.922064205630592326e-10 
5.299999999999995843e-06 3.628379167070590973e+10 6.868260771330517449e-12 2.261987000304363319e+05 1.286226925443923186e+01 -2.198038316717143374e-11 -5.243674243587541639e-01 2.325467637316846334e-11 1.570547494760056173e+00 -6.949640803586529248e-10 -2.645632735188563345e-01 -5.094166274597538426e-10 -1.928593126991157369e+00 -8.532730962968636135e-10 2.844928976581389435e+00 -1.204236193136422130e-09 -1.912773088295455004e+00 -2.374265649440183053e-10 3.650046426113107145e-02 -4.637736991291628449e-10 1.952979655885666688e+00 7.642251285342447178e-10 
5.399999999999995732e-06 3.628379167070186615e+10 6.979703895528569444e-12 2.246240955021097907e+05 1.286226925443779834e+01 -2.765285505284066559e-11 -5.431160114465054534e-01 1.652574550338763460e-10 1.641024749570767716e+00 -7.823459940230866038e-10 -2.586845964373294393e-01 2.152558691696170826e-10 -1.980272857602157544e+00 -1.726331381243170900e-09 2.904315633555814458e+00 2.203021828672369526e-09 -1.943394589542444706e+00 -1.726042682310334387e-09 2.620848018141685998e-02 1.271887640890258378e-09 2.015790964586082090e+00 6.319935711751974030e-10 
5.499999999999995622e-06 3.628379167070213318e+10 6.972344443930585580e-12 2.230568821401959285e+05 1.286226925443789426e+01 -4.441056136559621349e-10 -5.618471648349085967e-01 1.567448159242610345e-09 1.711561013913480256e+00 3.768826908136188154e-10 -2.520054779265397116e-01 2.919520023065331950e-10 -2.032232861067313934e+00 8.454709035295109710e-10 2.963661888286004853e+00 -5.304612707019833299e-10 -1.973566397159602026e+00 -1.106521707399519090e-09 1.542187760566804400e-02 1.247871702763493461e-09 2.079880269571886764e+00 -3.686474181124767728e-10 
5.599999999999995511e-06 3.628379167069652557e+10 7.126892927488261277e-12 2.214975431848982989e+05 1.286226925443590119e+01 -1.813755362972858749e-09 -5.805361501019632442e-01 -2.075244086433585335e-09 1.782071428018170867e+00 4.580147136763780165e-10 -2.444731312364467612e-01 1.033839337795713569e-09 -2.084458558019398833e+00 6.684033989439312854e-11 3.022909928755723286e+00 3.956091240199651184e-10 -2.003198199618211106e+00 6.585202686536980817e-10 4.064367652262035335e-03 1.940047603445023303e-10 2.145300127603817053e+00 1.430663948614281724e-09 
5.699999999999995401e-06 3.628379167069275665e+10 7.230766330042671733e-12 2.199462664537463570e+05 1.286226925443457070e+01 -6.576260402338224233e-10 -5.992005747831239404e-01 2.219280195058696739e-10 1.852544196348283378e+00 6.362201569508031824e-10 -2.361010387152102652e-01 -3.949006740543983076e-10 -2.136926358892027977e+00 -6.127160485394144277e-10 3.082066150484504163e+00 1.324147599991053507e-09 -2.032308842783749014e+00 9.994188832322750620e-10 -7.840569024175181312e-03 -1.333668554982001254e-09 2.212069241529245112e+00 -1.428789356178285805e-09 
5.799999999999995291e-06 3.628379167069747925e+10 7.100609171781173161e-12 2.184032328799087554e+05 1.286226925443624758e+01 -1.923544758175545900e-09 -6.178390053735416387e-01 1.808453758622715840e-09 1.922973550920989316e+00 1.897241030100347755e-10 -2.268989041052851263e-01 9.546249461663601935e-10 -2.189616671112333268e+00 -2.726382889951898309e-10 3.141135524248845456e+00 5.290452653821932685e-10 -2.060909511131670868e+00 1.314272007796167418e-09 -2.027778441035366086e-02 5.455872713655055425e-11 2.280213823938388451e+00 -1.210748565886028825e-09 
5.899999999999995180e-06 3.628379167069422150e+10 7.190394481276585680e-12 2.168686024873007264e+05 1.286226925443508584e+01 -5.823354579151911662e-10 -6.364505531602926425e-01 -4.831363091862105635e-10 1.993351779164908688e+00 -1.046237992961197651e-09 -2.168789397176258404e-01 -7.381211944161926526e-10 -2.242510500500336956e+00 -1.366948617454717666e-09 3.200125569232191935e+00 1.022486435532567616e-09 -2.089014113299187514e+00 6.394001642771087634e-10 -3.323960845513340701e-02 1.286282900580028684e-09 2.349750698019406059e+00 8.816845453326538686e-10 
5.999999999999995070e-06 3.628379167068804169e+10 7.360713218258513439e-12 2.153425304744259047e+05 1.286226925443290092e+01 -1.074800832693067044e-09 -6.550332836267713787e-01 8.177906060836652623e-11 2.063671611928749261e+00 6.415081131583904883e-10 -2.060533071638754876e-01 -6.078035333643504688e-10 -2.295589231775359007e+00 -7.451471763100042150e-11 3.259043085645952686e+00 4.000342467839370536e-10 -2.116637833210308628e+00 4.613571080037260429e-10 -4.672137799143882830e-02 3.245118825285033613e-10 2.420691736000602390e+00 7.259805013861637970e-10 
6.099999999999994959e-06 3.628379167068569183e+10 7.425476392320778233e-12 2.138251783712776960e+05 1.286226925443206603e+01 1.572546225171892008e-09 -6.735848681309075658e-01 1.460265590980212091e-09 2.133927480130353160e+00 -7.733230307830193292e-10 -1.944325486697238148e-01 -2.347472015081953376e-10 -2.348833808642316612e+00 -1.330729088976455493e-09 3.317894291362975423e+00 2.335368884743728453e-10 -2.143792846210128999e+00 2.981846715412968208e-10 -6.070760935968166905e-02 -1.904734710365922358e-09 2.493062245999867699e+00 8.058988434276732773e-10 
6.199999999999994849e-06 3.628379167068422699e+10 7.465848241086864286e-12 2.123167011618776596e+05 1.286226925443154556e+01 9.404841015083031599e-10 -6.921038581577985127e-01 -1.403069260086783454e-09 2.204113527310908260e+00 -1.313634896653520531e-09 -1.820279350728934986e-01 -2.574020882858420264e-11 -2.402224841975210357e+00 -4.297144369322652338e-10 3.376685672066468413e+00 1.162424619219320285e-09 -2.170491731596584373e+00 5.893364385297390039e-10 -7.518189260787977446e-02 7.498954919029218170e-12 2.566887286462641526e+00 2.660685937052014581e-10 
6.299999999999994739e-06 3.628379167067725372e+10 7.658035062817090003e-12 2.108172472644002701e+05 1.286226925442907643e+01 1.333224087277942882e-09 -7.105888235610740011e-01 1.350648301234050397e-10 2.274223926691051112e+00 -2.613498110922050039e-10 -1.688512343843306951e-01 4.072848800484537983e-10 -2.455742884491599831e+00 9.922635264047099797e-11 3.435424019608852575e+00 -8.619013569769013100e-10 -2.196747210031231745e+00 1.551023668556967030e-10 -9.012730692506210062e-02 -1.315630782919242283e-10 2.642192187697283146e+00 -4.015240887676655954e-10 
6.399999999999994628e-06 3.628379167067327118e+10 7.767796026649888682e-12 2.093269586775014759e+05 1.286226925442766600e+01 1.519144507414732809e-11 -7.290383307681533864e-01 7.506680244061212797e-10 2.344252845143074193e+00 2.226549058813082136e-09 -1.549146829781182788e-01 7.280022358367548122e-10 -2.509368416190364215e+00 -4.800965235329450929e-10 3.494116343085114096e+00 -3.373385460847518100e-11 -2.222572051689729378e+00 -8.193908043399671210e-10 -1.055264163293969659e-01 1.794443250839346848e-09 2.719002422130138541e+00 5.978412042417065410e-10 
6.499999999999994518e-06 3.628379167067442322e+10 7.736045249755726885e-12 2.078459710376336589e+05 1.286226925442807278e+01 -1.545640387033526972e-09 -7.474509509413813646e-01 -4.200571359620944961e-10 2.414194448158406114e+00 1.870509055010001456e-09 -1.402309898998854720e-01 8.114242519948329128e-11 -2.563081866034375267e+00 2.683889925993729810e-10 3.552769888259696529e+00 7.067613593193376380e-11 -2.247979097105396562e+00 -8.369512962339129391e-10 -1.213612598165880740e-01 -2.433688958397299532e-09 2.797343639104138191e+00 4.644963006360237307e-10 
6.599999999999994407e-06 3.628379167067713165e+10 7.661399383547598251e-12 2.063744137266235193e+05 1.286226925442903202e+01 5.166700985047970787e-10 -7.658252518368353634e-01 1.753555541700804911e-10 2.484042882950538544e+00 -1.289050117692549827e-09 -1.248133222484888449e-01 -1.617356809901447213e-10 -2.616863615063049764e+00 -5.674486186263972073e-10 3.611392098579980114e+00 2.356492270701273359e-09 -2.272981218334956921e+00 -1.022773859398873585e-09 -1.376133444171472320e-01 -1.533813251095844018e-09 2.877241611842126900e+00 -9.900374110206075623e-10 
6.699999999999994297e-06 3.628379167067437744e+10 7.737306870029668084e-12 2.049112535549518652e+05 1.286226925442804969e+01 -9.302076484019931547e-10 -7.842278085312743841e-01 -6.648948441165036804e-11 2.553703542872386656e+00 -6.909525559306955300e-10 -1.086215873451035208e-01 2.245101755179021885e-10 -2.670586311547713532e+00 1.744575165704295547e-09 3.669903681975430487e+00 -9.146694427190823569e-10 -2.297679768155649782e+00 3.523684827425988970e-10 -1.541215250547054438e-01 1.615407045295037413e-09 2.958733559227127330e+00 7.077176797500947960e-10 
6.799999999999994187e-06 3.628379167067900085e+10 7.609883222361705545e-12 2.034565579345677688e+05 1.286226925442969460e+01 6.298616932137589265e-10 -8.025778045329339250e-01 -8.712271508982340010e-10 2.623193299836575676e+00 -1.964590576989221787e-10 -9.163030179916908935e-02 1.833143274565254084e-10 -2.724242839923990633e+00 -2.586531263059530040e-10 3.728303612787424726e+00 2.792306263895769051e-10 -2.322044707374152139e+00 -2.192352906126436488e-11 -1.708992750305071695e-01 3.690167311485855122e-10 3.041893095723096963e+00 5.187716710055664060e-10 
6.899999999999994076e-06 3.628379167067640686e+10 7.681375037884985219e-12 2.020104637778769829e+05 1.286226925442877445e+01 -1.049236497536240797e-09 -8.208685636854262668e-01 -1.494419210070279221e-09 2.692508763093293123e+00 -2.941884164689305350e-11 -7.384594932090315922e-02 8.310166624603849366e-10 -2.777808093336367801e+00 -1.038605091751970234e-09 3.786610804889534165e+00 -4.917852898756477904e-10 -2.346069165611059049e+00 1.059800979873969958e-09 -1.879214735211220955e-01 -1.076621677923120076e-09 3.126752865495912914e+00 -6.642529044822149448e-11 
6.999999999999993966e-06 3.628379167066942596e+10 7.873772129660866995e-12 2.005730992124948243e+05 1.286226925442629998e+01 -1.169018551868265494e-09 -8.390989086462958824e-01 -5.332892501001622609e-10 2.761644220317795106e+00 -2.330280513210693161e-11 -5.527970064041376475e-02 4.877030659837566858e-10 -2.831261043316105397e+00 -4.885858803406949270e-10 3.844834602746143304e+00 -1.173195164061378628e-09 -2.369762210317110984e+00 6.957853359407681599e-10 -2.051688025297906393e-01 -2.465140235909430119e-10 3.213344862474663444e+00 6.167463846523044427e-10 
7.099999999999993855e-06 3.628379167066326904e+10 8.043460056505826578e-12 1.991445861604751844e+05 1.286226925442411861e+01 9.321172061265708972e-11 -8.572674697501447838e-01 -2.119695891389976645e-09 2.830593958150863454e+00 3.331850328548604960e-10 -3.594323908771990261e-02 1.974302396293977776e-09 -2.884581033215845469e+00 -4.040787402160716074e-10 3.902983980488123450e+00 -6.510857750718331605e-10 -2.393133117628504891e+00 8.523639646917840497e-10 -2.226212416085502355e-01 7.172890450858644981e-11 3.301702018185039833e+00 -1.274746970882731698e-09 
7.199999999999993745e-06 3.628379167065698242e+10 8.216722574126948852e-12 1.977250278858512465e+05 1.286226925442188573e+01 1.175340191225331660e-10 -8.753733496097995115e-01 -6.503946698938984575e-10 2.899350138606471283e+00 -2.371927735427599891e-10 -1.585305047539975476e-02 -5.122344510347657958e-10 -2.937752191743977281e+00 5.341445853926462293e-10 3.961065558476569493e+00 -7.465227971946397889e-10 -2.416193989199140191e+00 -3.243805834548419610e-10 -2.402685137744029475e-01 2.145726366884270733e-11 3.391841312463483860e+00 6.759599167574096738e-10 
7.299999999999993635e-06 3.628379167064991760e+10 8.411432636405053736e-12 1.963145191836308222e+05 1.286226925441938818e+01 7.500023540119957700e-10 -8.934148220871298562e-01 5.963851155748700521e-10 2.967904782355040627e+00 -2.598500672197876269e-11 4.973660049941486250e-03 4.319329571737261743e-10 -2.990758796194493474e+00 -1.045183098527489117e-09 4.019089081637094552e+00 9.468048099753496050e-10 -2.438949685904889364e+00 -9.564804784947960942e-11 -2.580920025892154968e-01 -8.780273447182912120e-10 3.483787243907691789e+00 -1.283483644710407171e-09 
7.399999999999993524e-06 3.628379167063941193e+10 8.700974489274333511e-12 1.949131642498318106e+05 1.286226925441566316e+01 -1.451792318785226544e-09 -9.113893614381645136e-01 -1.509952387962375638e-09 3.036252446154438012e+00 6.362385312167657589e-10 2.652427944915025648e-02 -8.355792884700134083e-10 -3.043580906202973502e+00 -1.544629317885563959e-09 4.077063674260333670e+00 8.357437537111923543e-10 -2.461408985138389127e+00 9.389694924628536747e-10 -2.760715024139699381e-01 1.115805294862601295e-09 3.577572620032970718e+00 5.679443781147667470e-10 
7.499999999999993414e-06 3.628379167063612366e+10 8.791600878952371072e-12 1.935210616369176132e+05 1.286226925441449254e+01 2.538374302497672913e-10 -9.292955630243264764e-01 1.393591841688298747e-11 3.104387298661273054e+00 1.857290649229656626e-10 4.878526306407238167e-02 1.284090991140640213e-09 -3.096198293993712714e+00 -1.784623898260082024e-09 4.134998823815013935e+00 2.814637242795321761e-10 -2.483581246326261649e+00 7.565568915399632036e-10 -2.941855017709897879e-01 4.836018310055803604e-10 3.673229910581405022e+00 -1.517758328669193154e-10 
7.599999999999993303e-06 3.628379167063005066e+10 8.958975835295107547e-12 1.921382980126766779e+05 1.286226925441234314e+01 -1.011121112548064195e-10 -9.471322192009141716e-01 1.682689479431058213e-09 3.172302215747702547e+00 4.013402255789189480e-10 7.173946285785248733e-02 -3.018868023098837062e-10 -3.148595759320561349e+00 -8.739684700515307057e-10 4.192900397946019098e+00 9.445924966454361443e-10 -2.505473939896493363e+00 1.184128162249381808e-09 -3.124063598629618355e-01 -1.430713036858892892e-09 3.770793240929318557e+00 5.576785275660851006e-10 
7.699999999999994040e-06 3.628379167062299347e+10 9.153475627527556372e-12 1.907649480811747489e+05 1.286226925440984559e+01 -1.468169566733146439e-10 -9.648978822398586175e-01 -6.769544685632388272e-11 3.239989017660174220e+00 -4.718017440231803284e-10 9.536617103567657239e-02 -1.082828550623266892e-10 -3.200763613366290006e+00 1.903913959026768558e-10 4.250770587889476815e+00 2.614450349654971811e-10 -2.527092612984780828e+00 1.559627459495151693e-10 -3.307003526061293996e-01 -1.034895812802481672e-09 3.870299372604666388e+00 1.818108674695488484e-10 
7.799999999999994777e-06 3.628379167062079620e+10 9.214033400676687068e-12 1.894010938271495106e+05 1.286226925440905688e+01 -1.337852637249502310e-09 -9.825901331199151656e-01 -5.447777696311547335e-10 3.307441971283963777e+00 1.200916805468770863e-09 1.196508857053313335e-01 -1.221552731227594497e-09 -3.252682672750293325e+00 1.732715540445768846e-09 4.308618380668381320e+00 5.729950889307756206e-10 -2.548445696245684289e+00 8.230210154663397072e-10 -3.490437828286445665e-01 -1.515713138400478636e-09 3.971782693261477704e+00 -1.846748634384420332e-10 
7.899999999999995513e-06 3.628379167062011719e+10 9.232747434740132837e-12 1.880468119900262100e+05 1.286226925440882063e+01 -1.199068906633283638e-10 -1.000207506428067106e+00 -1.392492246724602547e-10 3.374654977919484988e+00 2.020553674381280430e-10 1.445782240784758699e-01 -5.006331499747163877e-11 -3.304333562002301772e+00 -2.223039089640008916e-10 4.366453038815425458e+00 -4.514444604896484358e-10 -2.569542133342229917e+00 -1.867384062222529780e-10 -3.674116640417750546e-01 -6.206252709972203860e-10 4.075277276974411222e+00 -1.953629998523473667e-10 
7.999999999999996250e-06 3.628379167061278534e+10 9.434816948616224009e-12 1.867021742165690812e+05 1.286226925440622004e+01 -4.582149730679583755e-10 -1.017748515728685632e+00 4.414074069066762295e-10 3.441621868236861559e+00 -1.788676926818334398e-09 1.701324633577181444e-01 4.442043654503524690e-10 -3.355696940951421681e+00 3.690756388775502856e-10 4.424283860087104614e+00 9.298729972951949189e-10 -2.590390726560087842e+00 -3.148765364925784741e-10 -3.857782978473487390e-01 -7.076516614662639556e-10 4.180817323607456615e+00 3.398804985104314264e-10 
8.099999999999996986e-06 3.628379167060997009e+10 9.512406595463547157e-12 1.853670245823184086e+05 1.286226925440522706e+01 4.599443908919920663e-11 -1.035233428392720256e+00 -2.766699876934664126e-10 3.508345402609341690e+00 3.179560400305319553e-10 1.963198510491674931e-01 -1.156179667875176504e-09 -3.406783092994203344e+00 4.716781358144179744e-11 4.482121825254814951e+00 9.863094597404881637e-10 -2.610968083143291096e+00 -1.407248001948175839e-09 -4.041538329570855126e-01 -6.400323795624853197e-10 4.288443177875961965e+00 -7.297826372963962646e-10 
8.199999999999997723e-06 3.628379167060387421e+10 9.680412361943251808e-12 1.840419935357003997e+05 1.286226925440306346e+01 -1.135178863392331996e-10 -1.052565532766967848e+00 -3.909847793559955582e-10 3.574719075054687778e+00 3.021913312053432362e-10 2.231605705390991012e-01 1.305088573290336425e-09 -3.457468621946498288e+00 4.097831159741896592e-10 4.539797848762564314e+00 9.151896519782271599e-10 -2.631167216846243662e+00 2.324368104469286755e-09 -4.224565428029354308e-01 -4.253711186922734900e-10 4.397985700393803654e+00 1.454854096978555991e-09 
8.299999999999998460e-06 3.628379167059787750e+10 9.845684617829419618e-12 1.827281386541991669e+05 1.286226925440093893e+01 6.274668512370544318e-10 -1.069661221007264018e+00 -4.255438497740885972e-10 3.640574518305223606e+00 4.990704559169032387e-11 2.506096543179205938e-01 4.588797954636386503e-10 -3.507546189986525675e+00 -4.437262532257055399e-10 4.597108485356599772e+00 2.884515991461199773e-10 -2.650943657830929112e+00 1.342809616016099389e-10 -4.404925809702824324e-01 5.663183644414894294e-10 4.509167900267954110e+00 -2.402154802450050492e-11 
8.399999999999999196e-06 3.628379167059473419e+10 9.932315876639980755e-12 1.814255178907641675e+05 1.286226925439982161e+01 -1.006944358522955303e-09 -1.086596557262783591e+00 -5.324575514514681770e-10 3.705872849820284642e+00 1.339562174591355194e-10 2.785927312002796086e-01 7.769517233199059325e-10 -3.556972287803661814e+00 -2.975345093889463898e-11 4.654076078432229480e+00 -5.869477340430544636e-10 -2.670367444688409364e+00 1.684822763800561013e-09 -4.581701895453651474e-01 6.233628348051865789e-10 4.621954264990876027e+00 -1.451053555832622515e-09 
8.499999999999999933e-06 3.628379167059879303e+10 9.820452212350615027e-12 1.801335528237941908e+05 1.286226925440126223e+01 1.090396636173692471e-10 -1.103420328350745550e+00 -8.704307501326905166e-11 3.770583476442253001e+00 -1.311434684789685528e-10 3.071523288438133825e-01 -9.468900500228695949e-11 -3.605728082925061528e+00 -7.107484774253288984e-10 4.710632775043098519e+00 -6.892871829586501598e-10 -2.689397278367792410e+00 3.014054175132668434e-10 -4.754106173066272589e-01 4.586633042620410892e-10 4.736266284266264392e+00 1.783668928128137417e-10 
8.600000000000000670e-06 3.628379167059373474e+10 9.959861252621008454e-12 1.788518508281962422e+05 1.286226925439946989e+01 -9.737456031271545650e-10 -1.120115863077449703e+00 2.137735380395370772e-10 3.834701858829308918e+00 1.235878766698133820e-09 3.363457215569640724e-01 -4.245685601166836059e-10 -3.653806747297457136e+00 -1.133426243950790469e-09 4.766725008228423377e+00 -8.390004921143228722e-10 -2.707974877051675833e+00 -5.556515204119900094e-10 -4.921847059566051286e-01 -2.789142602738870745e-10 4.852091422586909175e+00 -1.922416346485600890e-09 
8.700000000000001406e-06 3.628379167058958435e+10 1.007424815745825496e-11 1.775805080423062027e+05 1.286226925439799906e+01 9.324296175201845066e-10 -1.136641322022299505e+00 -4.972421995357736356e-10 3.898234902133836499e+00 -3.177204210982622518e-10 3.661685796484333011e-01 -7.382886908398727658e-10 -3.701194681945827014e+00 6.763295435581645525e-10 4.822362327947526950e+00 -1.663944531632978204e-10 -2.726097942422484266e+00 -1.269837741426584733e-09 -5.084862079506002885e-01 -1.572762285697130656e-09 4.969483859219565147e+00 -5.510864029636651916e-10 
8.800000000000002143e-06 3.628379167058840179e+10 1.010684001453504423e-11 1.763194535701276036e+05 1.286226925439757629e+01 -1.226290430455814324e-09 -1.153004059011452753e+00 -1.397475022532074830e-10 3.961153750652261607e+00 1.581023932808765924e-09 3.965821310785337950e-01 4.301330278150490924e-10 -3.747847818935383657e+00 8.346755625648967531e-10 4.877573931971536325e+00 4.986277830181105324e-10 -2.743813471968451267e+00 -3.276393921601174321e-10 -5.242863658897860546e-01 -3.072215498247392236e-10 5.088504071320414823e+00 1.799809703614019015e-09 
8.900000000000002880e-06 3.628379167058168030e+10 1.029208792475859739e-11 1.750684800781968515e+05 1.286226925439519420e+01 -1.195791763379520059e-09 -1.169205903427958049e+00 5.924132229366994144e-10 4.023417173855888151e+00 2.435336475790908745e-10 4.275497583185279282e-01 -6.257350841744955417e-10 -3.793707782706153608e+00 5.901546467637076634e-10 4.932397768208314659e+00 8.422319948875605031e-10 -2.761179013879690558e+00 -8.555574564661876922e-10 -5.395737176927326573e-01 -4.437486668917308260e-10 5.209248951893869162e+00 -1.715888446241140831e-09 
9.000000000000003616e-06 3.628379167057238007e+10 1.054840711041411811e-11 1.738276518225939653e+05 1.286226925439189905e+01 -1.588632325933361073e-09 -1.185221467582275423e+00 1.572987358150257256e-11 4.085023213511101758e+00 -9.024559842852999305e-11 4.590548696345297941e-01 -1.134089100353906621e-09 -3.838757895597829872e+00 -7.909634576098622746e-10 4.986850357960591396e+00 -8.376481062591706553e-10 -2.778196374739550834e+00 -9.199276125940592871e-11 -5.543320296980684958e-01 1.798441966366309651e-09 5.331769705855037955e+00 4.550697829488756331e-10 
9.100000000000004353e-06 3.628379167056519318e+10 1.074648149342273124e-11 1.725969854417761380e+05 1.286226925438935176e+01 -6.374434513750173554e-10 -1.201050123622623644e+00 -6.819833982212578022e-10 4.145953687044601210e+00 -2.037637367286356789e-10 4.910576502779049335e-01 2.828682653440744626e-10 -3.882976885616308493e+00 7.309847562371603568e-10 5.040961593909027982e+00 7.142227732432176811e-10 -2.794880047462278583e+00 -8.856287473649294969e-10 -5.685395791175125169e-01 -1.392447932331223854e-09 5.456094932691314625e+00 1.089749770899412603e-09 
9.200000000000005089e-06 3.628379167056266785e+10 1.081608087853509993e-11 1.713765540105079999e+05 1.286226925438845292e+01 5.510789138371113919e-10 -1.216684872907217496e+00 4.692595370007473329e-10 4.206202981127242779e+00 1.163766663577632265e-09 5.235323443695536483e-01 -1.395315959218023040e-09 -3.926344467592272736e+00 -1.502172947553141332e-09 5.094745086884902463e+00 4.835055248867014216e-10 -2.811245598174117788e+00 2.373932678999507923e-10 -5.821596887208784210e-01 5.766018691281974507e-10 5.582258811764972961e+00 7.436725573369089819e-10 
9.300000000000005826e-06 3.628379167056280518e+10 1.081229601771327956e-11 1.701664231863099558e+05 1.286226925438850444e+01 -1.142633857431785188e-09 -1.232124044731545354e+00 5.663849645303425161e-10 4.265763391086066392e+00 2.015485214805085818e-10 5.564493671994341639e-01 2.639430841533692813e-10 -3.968839641513511651e+00 -1.597397100781239612e-10 5.148214856140150175e+00 -1.073242372382973257e-09 -2.827311963203165135e+00 1.338160352441757725e-09 -5.951513441254832060e-01 -1.269122631165838424e-10 5.710289734799971484e+00 2.396892159190400995e-10 
9.400000000000006563e-06 3.628379167055437469e+10 1.104464441816393527e-11 1.689666513988722872e+05 1.286226925438551483e+01 1.450097201118632659e-09 -1.247365981238178989e+00 -3.481367153353545652e-11 4.324627251340602996e+00 5.729859075303897075e-10 5.897791224143746902e-01 1.282288518780715664e-09 -4.010441953735160325e+00 2.700030482551640224e-10 5.201384533291751211e+00 -2.621210315663762548e-10 -2.843097670280180012e+00 1.319355532883027207e-09 -6.074730393805296558e-01 6.178777795676348404e-10 5.840215392832590169e+00 -9.881479442393584073e-10 
9.500000000000007299e-06 3.628379167055392456e+10 1.105705035085767989e-11 1.677772849552640109e+05 1.286226925438535496e+01 1.780344745194318032e-10 -1.262410008450318699e+00 2.044425997652821977e-10 4.382788773098987178e+00 2.306989917944034334e-10 6.234903943523093517e-01 -5.539768738844705543e-10 -4.051131282486714724e+00 2.274085520702639370e-10 5.254268962812034260e+00 -9.522873197462165475e-11 -2.858623607791706434e+00 -2.156820726269618094e-10 -6.190803414644534541e-01 -8.119402377214180143e-10 5.972062015354168807e+00 2.327869995531967943e-10 
9.600000000000008036e-06 3.628379167055379486e+10 1.106062494163384420e-11 1.665982570755962806e+05 1.286226925438531232e+01 1.227222235682777373e-09 -1.277275104826623320e+00 1.006320408974679709e-09 4.440279646259478241e+00 -1.147796426610315723e-09 6.575197767923501857e-01 1.177045077421650927e-09 -4.090883811347264754e+00 -1.008813026107118060e-09 5.306914430851275455e+00 1.278150890383042951e-09 -2.873964604606939588e+00 4.140795132332322621e-10 -6.298790450029301269e-01 -2.067598096411238385e-10 6.105838050249928983e+00 1.010935681066061082e-09 
9.700000000000008773e-06 3.628379167054685211e+10 1.125197068318144245e-11 1.654296100398549752e+05 1.286226925438284674e+01 1.125453317328458891e-09 -1.291949604950017871e+00 4.832141125260907210e-10 4.497095990434598178e+00 1.021348138104971383e-09 6.918454941569560646e-01 6.097558441512927054e-10 -4.129683658102372590e+00 8.553018643940613208e-10 5.359328126768559741e+00 7.658967718118538249e-10 -2.889137091932965973e+00 -1.480152539506105392e-09 -6.398432415820813901e-01 7.955121681028833148e-10 6.241569864229944642e+00 2.017685088480959872e-09 
9.800000000000009509e-06 3.628379167053958130e+10 1.145235803669228031e-11 1.642698709415139747e+05 1.286226925438026747e+01 -1.649863794594710842e-09 -1.306541917371928818e+00 -1.174749141072526670e-10 4.553083342549813395e+00 1.313339952438710343e-09 7.265149366430394551e-01 2.168050406843105508e-10 -4.167350602465194953e+00 -1.075936014116163347e-09 5.411376578324915698e+00 -8.604374648431809869e-10 -2.904305970741219767e+00 9.140616432526013588e-10 -6.487251926245498623e-01 -1.336311084811598743e-09 6.379263660071529785e+00 -9.182683199352834943e-10 
9.900000000000010246e-06 3.628379167053887177e+10 1.147191315093835354e-11 1.631183544092488883e+05 1.286226925438001523e+01 -1.271780113188169820e-10 -1.320971518389356447e+00 -4.291660320573489616e-10 4.608217373711177345e+00 -7.683729288404924710e-10 7.616558086292730678e-01 1.098045407375572403e-09 -4.203805338160542249e+00 -6.050392372480682646e-10 5.462980494634191331e+00 -6.430531663353885968e-10 -2.919445628199689224e+00 1.045627036838415361e-10 -6.564705777004959941e-01 3.788905295094470052e-10 6.519114086920296813e+00 -1.568918119101390787e-10 
